1: 1,5; 2,5; 3,5; 4,5
2: 1,4; 1,5; 2,5; 3,5
3: 1,4; 1,5; 2,5; 3,5; 4,5
4: 1,4; 1,5; 2,4; 2,5; 3,5
5: 1,4; 1,5; 2,4; 3,5; 4,5
6: 1,4; 1,5; 2,4; 2,5; 3,5; 4,5
7: 1,4; 1,5; 2,4; 2,5; 3,4; 3,5
8: 1,4; 1,5; 2,4; 2,5; 3,4; 3,5; 4,5
9: 1,3; 1,5; 2,4; 2,5
10: 1,3; 1,5; 2,4; 2,5; 3,5
11: 1,3; 1,5; 2,4; 2,5; 3,5; 4,5
12: 1,3; 1,4; 2,4; 2,5; 3,5
13: 1,3; 1,4; 1,5; 2,4; 2,5; 3,5
14: 1,3; 1,4; 1,5; 2,4; 2,5; 3,5; 4,5
15: 1,3; 1,4; 1,5; 2,5; 3,4; 3,5
16: 1,3; 1,4; 1,5; 2,5; 3,4; 3,5; 4,5
17: 1,3; 1,4; 1,5; 2,4; 2,5; 3,4; 3,5; 4,5
18: 1,3; 1,4; 1,5; 2,3; 2,4; 2,5; 3,5
19: 1,3; 1,4; 1,5; 2,3; 2,4; 2,5; 3,5; 4,5
20: 1,3; 1,4; 1,5; 2,3; 2,4; 2,5; 3,4; 3,5; 4,5
21: 1,2; 1,3; 1,4; 1,5; 2,3; 2,4; 2,5; 3,4; 3,5; 4,5