1: 1,6; 2,6; 3,6; 4,6; 5,6
2: 1,5; 1,6; 2,6; 3,6; 4,6
3: 1,5; 1,6; 2,6; 3,6; 4,6; 5,6
4: 1,5; 1,6; 2,5; 3,6; 4,6
5: 1,5; 2,5; 3,6; 4,6; 5,6
6: 1,5; 1,6; 2,5; 2,6; 3,6; 4,6
7: 1,5; 1,6; 2,5; 3,6; 4,6; 5,6
8: 1,5; 1,6; 2,5; 2,6; 3,6; 4,6; 5,6
9: 1,5; 1,6; 2,5; 2,6; 3,5; 4,6
10: 1,5; 1,6; 2,5; 2,6; 3,5; 3,6; 4,6
11: 1,5; 1,6; 2,5; 2,6; 3,5; 4,6; 5,6
12: 1,5; 1,6; 2,5; 2,6; 3,5; 3,6; 4,6; 5,6
13: 1,5; 1,6; 2,5; 2,6; 3,5; 3,6; 4,5; 4,6
14: 1,5; 1,6; 2,5; 2,6; 3,5; 3,6; 4,5; 4,6; 5,6
15: 1,4; 1,6; 2,5; 2,6; 3,6
16: 1,4; 1,6; 2,5; 2,6; 3,6; 4,6
17: 1,4; 1,6; 2,5; 2,6; 3,6; 4,6; 5,6
18: 1,4; 1,5; 1,6; 2,5; 2,6; 3,6
19: 1,4; 1,5; 2,5; 2,6; 3,6; 4,6
20: 1,4; 1,5; 1,6; 2,5; 3,6; 5,6
21: 1,4; 1,5; 1,6; 2,5; 2,6; 3,6; 4,6
22: 1,4; 1,5; 1,6; 2,5; 2,6; 3,6; 5,6
23: 1,4; 1,5; 1,6; 2,5; 2,6; 3,6; 4,6; 5,6
24: 1,4; 1,6; 2,5; 2,6; 3,5
25: 1,4; 1,6; 2,5; 2,6; 3,5; 3,6
26: 1,4; 1,6; 2,5; 2,6; 3,5; 4,6
27: 1,4; 1,6; 2,5; 2,6; 3,5; 5,6
28: 1,4; 1,6; 2,5; 3,5; 4,6; 5,6
29: 1,4; 1,6; 2,5; 2,6; 3,5; 3,6; 4,6
30: 1,4; 1,6; 2,5; 2,6; 3,5; 3,6; 5,6
31: 1,4; 1,6; 2,5; 2,6; 3,5; 4,6; 5,6
32: 1,4; 1,6; 2,5; 2,6; 3,5; 3,6; 4,6; 5,6
33: 1,4; 1,5; 1,6; 2,6; 3,6; 4,5; 4,6
34: 1,4; 1,5; 1,6; 2,6; 3,6; 4,5; 4,6; 5,6
35: 1,4; 1,5; 2,5; 2,6; 3,5; 3,6; 4,6
36: 1,4; 1,5; 1,6; 2,5; 2,6; 3,5; 3,6; 4,6
37: 1,4; 1,5; 1,6; 2,5; 2,6; 3,5; 3,6; 5,6
38: 1,4; 1,5; 1,6; 2,5; 2,6; 3,5; 4,6; 5,6
39: 1,4; 1,5; 2,5; 2,6; 3,5; 3,6; 4,6; 5,6
40: 1,4; 1,5; 1,6; 2,5; 2,6; 3,5; 3,6; 4,6; 5,6
41: 1,4; 1,5; 1,6; 2,5; 2,6; 3,6; 4,5; 4,6
42: 1,4; 1,5; 1,6; 2,5; 3,6; 4,5; 4,6; 5,6
43: 1,4; 1,5; 1,6; 2,5; 2,6; 3,6; 4,5; 4,6; 5,6
44: 1,4; 1,5; 1,6; 2,5; 2,6; 3,5; 3,6; 4,5; 4,6
45: 1,4; 1,5; 1,6; 2,5; 2,6; 3,5; 3,6; 4,5; 4,6; 5,6
46: 1,4; 1,5; 1,6; 2,4; 2,5; 2,6; 3,6
47: 1,4; 1,5; 1,6; 2,4; 2,5; 2,6; 3,6; 4,6
48: 1,4; 1,5; 1,6; 2,4; 2,5; 2,6; 3,6; 4,6; 5,6
49: 1,4; 1,5; 2,4; 2,6; 3,5; 3,6
50: 1,4; 1,5; 1,6; 2,4; 2,6; 3,5; 3,6
51: 1,4; 1,5; 1,6; 2,4; 3,5; 3,6; 4,6
52: 1,4; 1,5; 2,4; 2,6; 3,5; 3,6; 4,6
53: 1,4; 1,5; 1,6; 2,4; 3,5; 4,6; 5,6
54: 1,4; 1,5; 2,4; 2,6; 3,5; 4,6; 5,6
55: 1,4; 1,5; 1,6; 2,4; 2,6; 3,5; 3,6; 4,6
56: 1,4; 1,5; 1,6; 2,4; 2,6; 3,5; 4,6; 5,6
57: 1,4; 1,5; 2,4; 2,6; 3,5; 3,6; 4,6; 5,6
58: 1,4; 1,5; 1,6; 2,4; 2,6; 3,5; 3,6; 4,6; 5,6
59: 1,4; 1,5; 1,6; 2,4; 2,5; 2,6; 3,5; 3,6
60: 1,4; 1,5; 1,6; 2,4; 2,5; 2,6; 3,5; 4,6
61: 1,4; 1,5; 1,6; 2,4; 2,5; 2,6; 3,5; 3,6; 4,6
62: 1,4; 1,5; 1,6; 2,4; 2,5; 2,6; 3,5; 3,6; 5,6
63: 1,4; 1,5; 1,6; 2,4; 2,5; 2,6; 3,5; 3,6; 4,6; 5,6
64: 1,4; 1,5; 1,6; 2,4; 2,5; 2,6; 3,6; 4,5; 4,6
65: 1,4; 1,5; 1,6; 2,4; 2,5; 3,6; 4,5; 4,6; 5,6
66: 1,4; 1,5; 1,6; 2,4; 2,5; 2,6; 3,6; 4,5; 4,6; 5,6
67: 1,4; 1,5; 1,6; 2,4; 2,6; 3,5; 3,6; 4,5; 4,6
68: 1,4; 1,5; 2,4; 2,6; 3,5; 3,6; 4,5; 4,6; 5,6
69: 1,4; 1,5; 1,6; 2,4; 2,6; 3,5; 3,6; 4,5; 4,6; 5,6
70: 1,4; 1,5; 1,6; 2,4; 2,5; 2,6; 3,5; 3,6; 4,5; 4,6; 5,6
71: 1,4; 1,5; 1,6; 2,4; 2,5; 2,6; 3,4; 3,5; 3,6
72: 1,4; 1,5; 1,6; 2,4; 2,5; 2,6; 3,4; 3,5; 3,6; 4,6
73: 1,4; 1,5; 1,6; 2,4; 2,5; 2,6; 3,4; 3,5; 4,6; 5,6
74: 1,4; 1,5; 1,6; 2,4; 2,5; 2,6; 3,4; 3,5; 3,6; 4,6; 5,6
75: 1,4; 1,5; 1,6; 2,4; 2,5; 2,6; 3,4; 3,5; 3,6; 4,5; 4,6; 5,6
76: 1,3; 1,5; 1,6; 2,4; 2,6; 3,5; 3,6
77: 1,3; 1,5; 1,6; 2,4; 2,6; 3,5; 4,6
78: 1,3; 1,5; 1,6; 2,4; 2,6; 3,5; 3,6; 4,6
79: 1,3; 1,5; 1,6; 2,4; 2,6; 3,5; 3,6; 5,6
80: 1,3; 1,5; 1,6; 2,4; 2,6; 3,5; 3,6; 4,6; 5,6
81: 1,3; 1,5; 1,6; 2,4; 2,5; 2,6; 3,5; 4,6
82: 1,3; 1,5; 1,6; 2,4; 2,5; 2,6; 3,5; 3,6; 4,6
83: 1,3; 1,5; 1,6; 2,4; 2,5; 2,6; 3,5; 3,6; 5,6
84: 1,3; 1,5; 1,6; 2,4; 2,5; 2,6; 3,5; 4,6; 5,6
85: 1,3; 1,5; 1,6; 2,4; 2,5; 3,5; 3,6; 4,6; 5,6
86: 1,3; 1,5; 1,6; 2,4; 2,5; 2,6; 3,5; 3,6; 4,6; 5,6
87: 1,3; 1,5; 1,6; 2,4; 2,5; 2,6; 3,5; 3,6; 4,5; 4,6
88: 1,3; 1,5; 1,6; 2,4; 2,5; 2,6; 3,5; 3,6; 4,5; 4,6; 5,6
89: 1,3; 1,4; 1,6; 2,4; 2,5; 2,6; 3,5; 3,6
90: 1,3; 1,4; 1,6; 2,4; 2,5; 2,6; 3,5; 4,6
91: 1,3; 1,4; 1,6; 2,4; 2,5; 2,6; 3,5; 3,6; 4,6
92: 1,3; 1,4; 1,6; 2,4; 2,5; 2,6; 3,5; 3,6; 4,6; 5,6
93: 1,3; 1,4; 1,5; 2,4; 2,5; 2,6; 3,5; 3,6; 4,6
94: 1,3; 1,4; 1,5; 1,6; 2,4; 2,5; 2,6; 3,5; 3,6; 4,6
95: 1,3; 1,4; 1,5; 1,6; 2,4; 2,5; 2,6; 3,5; 4,6; 5,6
96: 1,3; 1,4; 1,5; 1,6; 2,4; 2,5; 2,6; 3,5; 3,6; 4,6; 5,6
97: 1,3; 1,4; 1,5; 1,6; 2,4; 2,5; 2,6; 3,5; 3,6; 4,5; 4,6; 5,6
98: 1,3; 1,4; 1,5; 1,6; 2,5; 2,6; 3,4; 3,5; 3,6; 4,6
99: 1,3; 1,4; 1,5; 1,6; 2,5; 2,6; 3,4; 3,5; 3,6; 5,6
100: 1,3; 1,4; 1,5; 1,6; 2,5; 2,6; 3,4; 3,5; 3,6; 4,6; 5,6
101: 1,3; 1,4; 1,5; 1,6; 2,6; 3,4; 3,5; 3,6; 4,5; 4,6
102: 1,3; 1,4; 1,5; 1,6; 2,6; 3,4; 3,5; 3,6; 4,5; 4,6; 5,6
103: 1,3; 1,4; 1,5; 1,6; 2,5; 2,6; 3,4; 3,5; 3,6; 4,5; 4,6; 5,6
104: 1,3; 1,4; 1,5; 1,6; 2,4; 2,5; 2,6; 3,4; 3,5; 3,6; 4,5; 4,6; 5,6
105: 1,3; 1,4; 1,5; 1,6; 2,3; 2,4; 2,5; 2,6; 3,5; 3,6; 4,6
106: 1,3; 1,4; 1,5; 1,6; 2,3; 2,4; 2,5; 2,6; 3,5; 3,6; 5,6
107: 1,3; 1,4; 1,5; 1,6; 2,3; 2,4; 2,5; 3,5; 3,6; 4,6; 5,6
108: 1,3; 1,4; 1,5; 1,6; 2,3; 2,4; 2,5; 2,6; 3,5; 3,6; 4,6; 5,6
109: 1,3; 1,4; 1,5; 1,6; 2,3; 2,4; 2,5; 2,6; 3,5; 3,6; 4,5; 4,6
110: 1,3; 1,4; 1,5; 1,6; 2,3; 2,4; 2,5; 2,6; 3,5; 3,6; 4,5; 4,6; 5,6
111: 1,3; 1,4; 1,5; 1,6; 2,3; 2,4; 2,5; 2,6; 3,4; 3,5; 3,6; 4,5; 4,6; 5,6
112: 1,2; 1,3; 1,4; 1,5; 1,6; 2,3; 2,4; 2,5; 2,6; 3,4; 3,5; 3,6; 4,5; 4,6; 5,6