1: 1,7; 2,7; 3,7; 4,7; 5,7; 6,7
2: 1,6; 1,7; 2,7; 3,7; 4,7; 5,7
3: 1,6; 1,7; 2,7; 3,7; 4,7; 5,7; 6,7
4: 1,6; 1,7; 2,6; 3,7; 4,7; 5,7
5: 1,6; 2,6; 3,7; 4,7; 5,7; 6,7
6: 1,6; 1,7; 2,6; 2,7; 3,7; 4,7; 5,7
7: 1,6; 1,7; 2,6; 3,7; 4,7; 5,7; 6,7
8: 1,6; 1,7; 2,6; 2,7; 3,7; 4,7; 5,7; 6,7
9: 1,6; 1,7; 2,6; 3,6; 4,7; 5,7
10: 1,6; 1,7; 2,6; 2,7; 3,6; 4,7; 5,7
11: 1,6; 1,7; 2,6; 3,6; 4,7; 5,7; 6,7
12: 1,6; 1,7; 2,6; 2,7; 3,6; 3,7; 4,7; 5,7
13: 1,6; 1,7; 2,6; 2,7; 3,6; 4,7; 5,7; 6,7
14: 1,6; 1,7; 2,6; 2,7; 3,6; 3,7; 4,7; 5,7; 6,7
15: 1,6; 1,7; 2,6; 2,7; 3,6; 3,7; 4,6; 5,7
16: 1,6; 1,7; 2,6; 2,7; 3,6; 3,7; 4,6; 4,7; 5,7
17: 1,6; 1,7; 2,6; 2,7; 3,6; 3,7; 4,6; 5,7; 6,7
18: 1,6; 1,7; 2,6; 2,7; 3,6; 3,7; 4,6; 4,7; 5,7; 6,7
19: 1,6; 1,7; 2,6; 2,7; 3,6; 3,7; 4,6; 4,7; 5,6; 5,7
20: 1,6; 1,7; 2,6; 2,7; 3,6; 3,7; 4,6; 4,7; 5,6; 5,7; 6,7
21: 1,5; 1,7; 2,6; 2,7; 3,7; 4,7
22: 1,5; 1,7; 2,6; 2,7; 3,7; 4,7; 5,7
23: 1,5; 1,7; 2,6; 2,7; 3,7; 4,7; 5,7; 6,7
24: 1,5; 1,6; 2,6; 2,7; 3,7; 4,7
25: 1,5; 1,6; 1,7; 2,6; 2,7; 3,7; 4,7
26: 1,5; 1,6; 1,7; 2,6; 3,7; 4,7; 5,7
27: 1,5; 1,6; 2,6; 2,7; 3,7; 4,7; 5,7
28: 1,5; 1,6; 1,7; 2,6; 3,7; 4,7; 6,7
29: 1,5; 1,6; 1,7; 2,6; 2,7; 3,7; 4,7; 5,7
30: 1,5; 1,6; 1,7; 2,6; 2,7; 3,7; 4,7; 6,7
31: 1,5; 1,6; 1,7; 2,6; 2,7; 3,7; 4,7; 5,7; 6,7
32: 1,5; 1,7; 2,6; 2,7; 3,6; 4,7
33: 1,5; 1,7; 2,6; 3,6; 4,7; 6,7
34: 1,5; 1,7; 2,6; 2,7; 3,6; 3,7; 4,7
35: 1,5; 1,7; 2,6; 2,7; 3,6; 4,7; 5,7
36: 1,5; 1,7; 2,6; 2,7; 3,6; 4,7; 6,7
37: 1,5; 1,7; 2,6; 3,6; 4,7; 5,7; 6,7
38: 1,5; 1,7; 2,6; 2,7; 3,6; 3,7; 4,7; 5,7
39: 1,5; 1,7; 2,6; 2,7; 3,6; 3,7; 4,7; 6,7
40: 1,5; 1,7; 2,6; 2,7; 3,6; 4,7; 5,7; 6,7
41: 1,5; 1,7; 2,6; 2,7; 3,6; 3,7; 4,7; 5,7; 6,7
42: 1,5; 1,6; 1,7; 2,7; 3,7; 4,7; 5,6
43: 1,5; 1,6; 1,7; 2,7; 3,7; 4,7; 5,6; 5,7
44: 1,5; 1,6; 1,7; 2,7; 3,7; 4,7; 5,6; 5,7; 6,7
45: 1,5; 1,6; 2,6; 2,7; 3,6; 4,7; 5,7
46: 1,5; 1,6; 1,7; 2,6; 2,7; 3,6; 3,7; 4,7
47: 1,5; 1,6; 1,7; 2,6; 2,7; 3,6; 4,7; 5,7
48: 1,5; 1,6; 2,6; 2,7; 3,6; 3,7; 4,7; 5,7
49: 1,5; 1,6; 1,7; 2,6; 2,7; 3,6; 4,7; 6,7
50: 1,5; 1,6; 1,7; 2,6; 3,6; 4,7; 5,7; 6,7
51: 1,5; 1,6; 2,6; 2,7; 3,6; 4,7; 5,7; 6,7
52: 1,5; 1,6; 1,7; 2,6; 2,7; 3,6; 3,7; 4,7; 5,7
53: 1,5; 1,6; 1,7; 2,6; 2,7; 3,6; 3,7; 4,7; 6,7
54: 1,5; 1,6; 1,7; 2,6; 2,7; 3,6; 4,7; 5,7; 6,7
55: 1,5; 1,6; 2,6; 2,7; 3,6; 3,7; 4,7; 5,7; 6,7
56: 1,5; 1,6; 1,7; 2,6; 2,7; 3,6; 3,7; 4,7; 5,7; 6,7
57: 1,5; 1,7; 2,6; 2,7; 3,6; 3,7; 4,6
58: 1,5; 1,7; 2,6; 2,7; 3,6; 4,6; 5,7
59: 1,5; 1,7; 2,6; 2,7; 3,6; 3,7; 4,6; 4,7
60: 1,5; 1,7; 2,6; 2,7; 3,6; 3,7; 4,6; 5,7
61: 1,5; 1,7; 2,6; 2,7; 3,6; 3,7; 4,6; 6,7
62: 1,5; 1,7; 2,6; 2,7; 3,6; 4,6; 5,7; 6,7
63: 1,5; 1,7; 2,6; 2,7; 3,6; 3,7; 4,6; 4,7; 5,7
64: 1,5; 1,7; 2,6; 2,7; 3,6; 3,7; 4,6; 4,7; 6,7
65: 1,5; 1,7; 2,6; 2,7; 3,6; 3,7; 4,6; 5,7; 6,7
66: 1,5; 1,7; 2,6; 2,7; 3,6; 3,7; 4,6; 4,7; 5,7; 6,7
67: 1,5; 1,6; 1,7; 2,6; 2,7; 3,7; 4,7; 5,6
68: 1,5; 1,6; 1,7; 2,6; 3,7; 4,7; 5,6; 5,7
69: 1,5; 1,6; 1,7; 2,6; 2,7; 3,7; 4,7; 5,6; 5,7
70: 1,5; 1,6; 1,7; 2,6; 2,7; 3,7; 4,7; 5,6; 6,7
71: 1,5; 1,6; 1,7; 2,6; 3,7; 4,7; 5,6; 5,7; 6,7
72: 1,5; 1,6; 1,7; 2,6; 2,7; 3,7; 4,7; 5,6; 5,7; 6,7
73: 1,5; 1,6; 1,7; 2,6; 2,7; 3,6; 3,7; 4,6; 4,7
74: 1,5; 1,6; 1,7; 2,6; 2,7; 3,6; 3,7; 4,6; 5,7
75: 1,5; 1,6; 2,6; 2,7; 3,6; 3,7; 4,6; 4,7; 5,7
76: 1,5; 1,6; 1,7; 2,6; 2,7; 3,6; 3,7; 4,6; 4,7; 5,7
77: 1,5; 1,6; 1,7; 2,6; 2,7; 3,6; 3,7; 4,6; 4,7; 6,7
78: 1,5; 1,6; 1,7; 2,6; 2,7; 3,6; 3,7; 4,6; 5,7; 6,7
79: 1,5; 1,6; 2,6; 2,7; 3,6; 3,7; 4,6; 4,7; 5,7; 6,7
80: 1,5; 1,6; 1,7; 2,6; 2,7; 3,6; 3,7; 4,6; 4,7; 5,7; 6,7
81: 1,5; 1,6; 1,7; 2,6; 2,7; 3,6; 4,7; 5,6; 5,7
82: 1,5; 1,6; 1,7; 2,6; 2,7; 3,6; 3,7; 4,7; 5,6; 5,7
83: 1,5; 1,6; 1,7; 2,6; 2,7; 3,6; 4,7; 5,6; 5,7; 6,7
84: 1,5; 1,6; 1,7; 2,6; 2,7; 3,6; 3,7; 4,7; 5,6; 5,7; 6,7
85: 1,5; 1,6; 1,7; 2,6; 2,7; 3,6; 3,7; 4,6; 4,7; 5,6; 5,7
86: 1,5; 1,6; 1,7; 2,6; 2,7; 3,6; 3,7; 4,6; 4,7; 5,6; 5,7; 6,7
87: 1,5; 1,6; 1,7; 2,5; 2,6; 2,7; 3,7; 4,7
88: 1,5; 1,6; 1,7; 2,5; 2,6; 3,7; 4,7; 5,7
89: 1,5; 1,6; 1,7; 2,5; 2,6; 2,7; 3,7; 4,7; 5,7
90: 1,5; 1,6; 1,7; 2,5; 2,6; 2,7; 3,7; 4,7; 5,7; 6,7
91: 1,5; 1,6; 2,5; 2,7; 3,6; 3,7; 4,7
92: 1,5; 1,6; 2,5; 3,6; 3,7; 4,7; 5,7
93: 1,5; 1,6; 2,5; 3,6; 4,7; 5,7; 6,7
94: 1,5; 1,6; 1,7; 2,5; 2,7; 3,6; 3,7; 4,7
95: 1,5; 1,6; 1,7; 2,5; 2,7; 3,6; 4,7; 5,7
96: 1,5; 1,6; 1,7; 2,5; 3,6; 3,7; 4,7; 5,7
97: 1,5; 1,6; 2,5; 2,7; 3,6; 3,7; 4,7; 5,7
98: 1,5; 1,6; 1,7; 2,5; 3,6; 4,7; 5,7; 6,7
99: 1,5; 1,6; 2,5; 2,7; 3,6; 4,7; 5,7; 6,7
100: 1,5; 1,6; 1,7; 2,5; 2,7; 3,6; 3,7; 4,7; 5,7
101: 1,5; 1,6; 1,7; 2,5; 2,7; 3,6; 4,7; 5,7; 6,7
102: 1,5; 1,6; 2,5; 2,7; 3,6; 3,7; 4,7; 5,7; 6,7
103: 1,5; 1,6; 1,7; 2,5; 2,7; 3,6; 3,7; 4,7; 5,7; 6,7
104: 1,5; 1,7; 2,5; 2,7; 3,6; 3,7; 4,6
105: 1,5; 1,7; 2,5; 3,6; 3,7; 4,6; 5,7
106: 1,5; 2,5; 3,6; 3,7; 4,6; 4,7; 5,7
107: 1,5; 1,7; 2,5; 3,6; 4,6; 5,7; 6,7
108: 1,5; 1,7; 2,5; 2,7; 3,6; 3,7; 4,6; 4,7
109: 1,5; 1,7; 2,5; 2,7; 3,6; 3,7; 4,6; 5,7
110: 1,5; 1,7; 2,5; 3,6; 3,7; 4,6; 4,7; 5,7
111: 1,5; 1,7; 2,5; 2,7; 3,6; 4,6; 5,7; 6,7
112: 1,5; 1,7; 2,5; 3,6; 3,7; 4,6; 5,7; 6,7
113: 1,5; 1,7; 2,5; 2,7; 3,6; 3,7; 4,6; 4,7; 5,7
114: 1,5; 1,7; 2,5; 2,7; 3,6; 3,7; 4,6; 5,7; 6,7
115: 1,5; 1,7; 2,5; 2,7; 3,6; 3,7; 4,6; 4,7; 5,7; 6,7
116: 1,5; 1,6; 1,7; 2,5; 2,6; 2,7; 3,6; 4,7
117: 1,5; 1,6; 1,7; 2,5; 2,6; 2,7; 3,6; 3,7; 4,7
118: 1,5; 1,6; 1,7; 2,5; 2,6; 2,7; 3,6; 4,7; 5,7
119: 1,5; 1,6; 1,7; 2,5; 2,6; 3,6; 3,7; 4,7; 5,7
120: 1,5; 1,6; 1,7; 2,5; 2,6; 2,7; 3,6; 4,7; 6,7
121: 1,5; 1,6; 1,7; 2,5; 2,6; 2,7; 3,6; 3,7; 4,7; 5,7
122: 1,5; 1,6; 1,7; 2,5; 2,6; 2,7; 3,6; 3,7; 4,7; 6,7
123: 1,5; 1,6; 1,7; 2,5; 2,6; 2,7; 3,6; 4,7; 5,7; 6,7
124: 1,5; 1,6; 1,7; 2,5; 2,6; 3,6; 3,7; 4,7; 5,7; 6,7
125: 1,5; 1,6; 1,7; 2,5; 2,6; 2,7; 3,6; 3,7; 4,7; 5,7; 6,7
126: 1,5; 1,6; 2,5; 2,7; 3,6; 3,7; 4,6; 4,7
127: 1,5; 1,6; 2,5; 2,7; 3,6; 3,7; 4,6; 5,7
128: 1,5; 1,6; 2,5; 3,6; 3,7; 4,6; 4,7; 5,7
129: 1,5; 1,6; 1,7; 2,5; 2,7; 3,6; 3,7; 4,6; 4,7
130: 1,5; 1,6; 1,7; 2,5; 2,7; 3,6; 3,7; 4,6; 5,7
131: 1,5; 1,6; 1,7; 2,5; 3,6; 3,7; 4,6; 4,7; 5,7
132: 1,5; 1,6; 2,5; 2,7; 3,6; 3,7; 4,6; 4,7; 5,7
133: 1,5; 1,6; 1,7; 2,5; 2,7; 3,6; 3,7; 4,6; 6,7
134: 1,5; 1,6; 1,7; 2,5; 3,6; 3,7; 4,6; 4,7; 6,7
135: 1,5; 1,6; 2,5; 2,7; 3,6; 3,7; 4,6; 4,7; 6,7
136: 1,5; 1,6; 1,7; 2,5; 2,7; 3,6; 4,6; 5,7; 6,7
137: 1,5; 1,6; 1,7; 2,5; 2,7; 3,6; 3,7; 4,6; 4,7; 5,7
138: 1,5; 1,6; 1,7; 2,5; 2,7; 3,6; 3,7; 4,6; 4,7; 6,7
139: 1,5; 1,6; 1,7; 2,5; 2,7; 3,6; 3,7; 4,6; 5,7; 6,7
140: 1,5; 1,6; 1,7; 2,5; 3,6; 3,7; 4,6; 4,7; 5,7; 6,7
141: 1,5; 1,6; 2,5; 2,7; 3,6; 3,7; 4,6; 4,7; 5,7; 6,7
142: 1,5; 1,6; 1,7; 2,5; 2,7; 3,6; 3,7; 4,6; 4,7; 5,7; 6,7
143: 1,5; 1,6; 1,7; 2,5; 2,6; 2,7; 3,7; 4,7; 5,6
144: 1,5; 1,6; 1,7; 2,5; 2,6; 2,7; 3,7; 4,7; 5,6; 5,7
145: 1,5; 1,6; 1,7; 2,5; 2,6; 3,7; 4,7; 5,6; 5,7; 6,7
146: 1,5; 1,6; 1,7; 2,5; 2,6; 2,7; 3,7; 4,7; 5,6; 5,7; 6,7
147: 1,5; 1,6; 1,7; 2,5; 2,7; 3,6; 3,7; 4,7; 5,6
148: 1,5; 1,6; 1,7; 2,5; 2,7; 3,6; 4,7; 5,6; 5,7
149: 1,5; 1,6; 1,7; 2,5; 3,6; 3,7; 4,7; 5,6; 5,7
150: 1,5; 1,6; 2,5; 2,7; 3,6; 3,7; 4,7; 5,6; 5,7
151: 1,5; 1,6; 1,7; 2,5; 3,6; 4,7; 5,6; 5,7; 6,7
152: 1,5; 1,6; 1,7; 2,5; 2,7; 3,6; 3,7; 4,7; 5,6; 5,7
153: 1,5; 1,6; 1,7; 2,5; 2,7; 3,6; 4,7; 5,6; 5,7; 6,7
154: 1,5; 1,6; 2,5; 2,7; 3,6; 3,7; 4,7; 5,6; 5,7; 6,7
155: 1,5; 1,6; 1,7; 2,5; 2,7; 3,6; 3,7; 4,7; 5,6; 5,7; 6,7
156: 1,5; 1,7; 2,5; 2,7; 3,6; 3,7; 4,6; 4,7; 5,6
157: 1,5; 1,7; 2,5; 2,7; 3,6; 3,7; 4,6; 5,6; 5,7
158: 1,5; 1,7; 2,5; 3,6; 3,7; 4,6; 4,7; 5,6; 5,7
159: 1,5; 1,7; 2,5; 2,7; 3,6; 4,6; 5,6; 5,7; 6,7
160: 1,5; 1,7; 2,5; 3,6; 3,7; 4,6; 5,6; 5,7; 6,7
161: 1,5; 1,7; 2,5; 2,7; 3,6; 3,7; 4,6; 4,7; 5,6; 5,7
162: 1,5; 1,7; 2,5; 2,7; 3,6; 3,7; 4,6; 5,6; 5,7; 6,7
163: 1,5; 1,7; 2,5; 2,7; 3,6; 3,7; 4,6; 4,7; 5,6; 5,7; 6,7
164: 1,5; 1,6; 1,7; 2,5; 2,6; 2,7; 3,6; 3,7; 4,6; 4,7
165: 1,5; 1,6; 1,7; 2,5; 2,6; 2,7; 3,6; 3,7; 4,6; 4,7; 5,7
166: 1,5; 1,6; 1,7; 2,5; 2,6; 2,7; 3,6; 3,7; 4,6; 4,7; 6,7
167: 1,5; 1,6; 1,7; 2,5; 2,6; 2,7; 3,6; 3,7; 4,6; 4,7; 5,7; 6,7
168: 1,5; 1,6; 1,7; 2,5; 2,6; 2,7; 3,6; 3,7; 4,7; 5,6
169: 1,5; 1,6; 1,7; 2,5; 2,6; 2,7; 3,6; 3,7; 4,7; 5,6; 5,7
170: 1,5; 1,6; 1,7; 2,5; 2,6; 2,7; 3,6; 3,7; 4,7; 5,6; 6,7
171: 1,5; 1,6; 1,7; 2,5; 2,6; 2,7; 3,6; 4,7; 5,6; 5,7; 6,7
172: 1,5; 1,6; 1,7; 2,5; 2,6; 2,7; 3,6; 3,7; 4,7; 5,6; 5,7; 6,7
173: 1,5; 1,6; 1,7; 2,5; 2,7; 3,6; 3,7; 4,6; 4,7; 5,6
174: 1,5; 1,6; 1,7; 2,5; 2,7; 3,6; 3,7; 4,6; 4,7; 5,6; 5,7
175: 1,5; 1,6; 1,7; 2,5; 2,7; 3,6; 3,7; 4,6; 4,7; 5,6; 6,7
176: 1,5; 1,6; 1,7; 2,5; 2,7; 3,6; 3,7; 4,6; 5,6; 5,7; 6,7
177: 1,5; 1,6; 1,7; 2,5; 3,6; 3,7; 4,6; 4,7; 5,6; 5,7; 6,7
178: 1,5; 1,6; 2,5; 2,7; 3,6; 3,7; 4,6; 4,7; 5,6; 5,7; 6,7
179: 1,5; 1,6; 1,7; 2,5; 2,7; 3,6; 3,7; 4,6; 4,7; 5,6; 5,7; 6,7
180: 1,5; 1,6; 1,7; 2,5; 2,6; 2,7; 3,6; 3,7; 4,6; 4,7; 5,6; 5,7
181: 1,5; 1,6; 1,7; 2,5; 2,6; 2,7; 3,6; 3,7; 4,6; 4,7; 5,6; 5,7; 6,7
182: 1,5; 1,6; 1,7; 2,5; 2,6; 2,7; 3,5; 3,6; 3,7; 4,7
183: 1,5; 1,6; 1,7; 2,5; 2,6; 3,5; 3,6; 4,7; 5,7; 6,7
184: 1,5; 1,6; 1,7; 2,5; 2,6; 2,7; 3,5; 3,6; 3,7; 4,7; 5,7
185: 1,5; 1,6; 1,7; 2,5; 2,6; 2,7; 3,5; 3,6; 4,7; 5,7; 6,7
186: 1,5; 1,6; 1,7; 2,5; 2,6; 2,7; 3,5; 3,6; 3,7; 4,7; 5,7; 6,7
187: 1,5; 1,6; 1,7; 2,5; 2,6; 2,7; 3,5; 3,7; 4,6; 4,7
188: 1,5; 1,6; 1,7; 2,5; 2,6; 2,7; 3,5; 3,7; 4,6; 5,7
189: 1,5; 1,6; 1,7; 2,5; 2,6; 2,7; 3,5; 4,6; 4,7; 5,7
190: 1,5; 1,6; 1,7; 2,5; 2,6; 3,5; 3,7; 4,6; 4,7; 5,7
191: 1,5; 1,6; 1,7; 2,5; 2,6; 2,7; 3,5; 4,6; 5,7; 6,7
192: 1,5; 1,6; 1,7; 2,5; 2,6; 3,5; 3,7; 4,6; 5,7; 6,7
193: 1,5; 1,6; 2,5; 2,6; 3,5; 3,7; 4,6; 4,7; 5,7; 6,7
194: 1,5; 1,6; 1,7; 2,5; 2,6; 2,7; 3,5; 3,7; 4,6; 4,7; 5,7
195: 1,5; 1,6; 1,7; 2,5; 2,6; 2,7; 3,5; 3,7; 4,6; 5,7; 6,7
196: 1,5; 1,6; 1,7; 2,5; 2,6; 3,5; 3,7; 4,6; 4,7; 5,7; 6,7
197: 1,5; 1,6; 1,7; 2,5; 2,6; 2,7; 3,5; 3,7; 4,6; 4,7; 5,7; 6,7
198: 1,5; 1,6; 1,7; 2,5; 2,6; 2,7; 3,5; 3,6; 3,7; 4,6; 4,7
199: 1,5; 1,6; 1,7; 2,5; 2,6; 2,7; 3,5; 3,6; 3,7; 4,6; 5,7
200: 1,5; 1,6; 1,7; 2,5; 2,6; 2,7; 3,5; 3,6; 4,6; 4,7; 5,7
201: 1,5; 1,6; 1,7; 2,5; 2,6; 2,7; 3,5; 3,6; 3,7; 4,6; 4,7; 5,7
202: 1,5; 1,6; 1,7; 2,5; 2,6; 2,7; 3,5; 3,6; 3,7; 4,6; 4,7; 6,7
203: 1,5; 1,6; 1,7; 2,5; 2,6; 2,7; 3,5; 3,6; 3,7; 4,6; 4,7; 5,7; 6,7
204: 1,5; 1,6; 1,7; 2,5; 2,6; 2,7; 3,5; 3,6; 3,7; 4,7; 5,6; 5,7
205: 1,5; 1,6; 1,7; 2,5; 2,6; 2,7; 3,5; 3,6; 4,7; 5,6; 5,7; 6,7
206: 1,5; 1,6; 1,7; 2,5; 2,6; 2,7; 3,5; 3,6; 3,7; 4,7; 5,6; 5,7; 6,7
207: 1,5; 1,6; 1,7; 2,5; 2,6; 2,7; 3,5; 3,7; 4,6; 4,7; 5,6; 5,7
208: 1,5; 1,6; 1,7; 2,5; 2,6; 3,5; 3,7; 4,6; 4,7; 5,6; 5,7; 6,7
209: 1,5; 1,6; 1,7; 2,5; 2,6; 2,7; 3,5; 3,7; 4,6; 4,7; 5,6; 5,7; 6,7
210: 1,5; 1,6; 1,7; 2,5; 2,6; 2,7; 3,5; 3,6; 3,7; 4,6; 4,7; 5,6; 5,7; 6,7
211: 1,5; 1,6; 1,7; 2,5; 2,6; 2,7; 3,5; 3,6; 3,7; 4,5; 4,6; 4,7
212: 1,5; 1,6; 1,7; 2,5; 2,6; 2,7; 3,5; 3,6; 3,7; 4,5; 4,6; 4,7; 5,7
213: 1,5; 1,6; 1,7; 2,5; 2,6; 2,7; 3,5; 3,6; 3,7; 4,5; 4,6; 5,7; 6,7
214: 1,5; 1,6; 1,7; 2,5; 2,6; 2,7; 3,5; 3,6; 3,7; 4,5; 4,6; 4,7; 5,7; 6,7
215: 1,5; 1,6; 1,7; 2,5; 2,6; 2,7; 3,5; 3,6; 3,7; 4,5; 4,6; 4,7; 5,6; 5,7; 6,7
216: 1,4; 1,7; 2,5; 2,7; 3,6; 3,7
217: 1,4; 1,7; 2,5; 2,7; 3,6; 3,7; 4,7
218: 1,4; 1,7; 2,5; 2,7; 3,6; 3,7; 4,7; 5,7
219: 1,4; 1,7; 2,5; 2,7; 3,6; 3,7; 4,7; 5,7; 6,7
220: 1,4; 1,6; 2,5; 2,7; 3,6; 3,7
221: 1,4; 1,6; 1,7; 2,5; 2,7; 3,6; 3,7
222: 1,4; 1,6; 1,7; 2,5; 2,7; 3,6; 4,7
223: 1,4; 1,6; 2,5; 2,7; 3,6; 3,7; 4,7
224: 1,4; 1,6; 1,7; 2,5; 2,7; 3,6; 5,7
225: 1,4; 1,6; 2,5; 2,7; 3,6; 3,7; 5,7
226: 1,4; 1,6; 1,7; 2,5; 2,7; 3,6; 6,7
227: 1,4; 1,6; 1,7; 2,5; 2,7; 3,6; 3,7; 4,7
228: 1,4; 1,6; 1,7; 2,5; 2,7; 3,6; 3,7; 5,7
229: 1,4; 1,6; 1,7; 2,5; 2,7; 3,6; 4,7; 5,7
230: 1,4; 1,6; 2,5; 2,7; 3,6; 3,7; 4,7; 5,7
231: 1,4; 1,6; 1,7; 2,5; 2,7; 3,6; 3,7; 6,7
232: 1,4; 1,6; 1,7; 2,5; 2,7; 3,6; 5,7; 6,7
233: 1,4; 1,6; 1,7; 2,5; 2,7; 3,6; 3,7; 4,7; 5,7
234: 1,4; 1,6; 1,7; 2,5; 2,7; 3,6; 3,7; 4,7; 6,7
235: 1,4; 1,6; 1,7; 2,5; 2,7; 3,6; 3,7; 5,7; 6,7
236: 1,4; 1,6; 1,7; 2,5; 2,7; 3,6; 3,7; 4,7; 5,7; 6,7
237: 1,4; 1,6; 1,7; 2,5; 2,7; 3,7; 4,6; 4,7
238: 1,4; 1,6; 1,7; 2,5; 2,7; 3,7; 4,6; 5,7
239: 1,4; 1,6; 1,7; 2,5; 2,7; 3,7; 4,6; 4,7; 5,7
240: 1,4; 1,6; 1,7; 2,5; 2,7; 3,7; 4,6; 4,7; 6,7
241: 1,4; 1,6; 1,7; 2,5; 2,7; 3,7; 4,6; 4,7; 5,7; 6,7
242: 1,4; 1,6; 2,5; 2,6; 3,6; 3,7; 4,7; 5,7
243: 1,4; 1,6; 1,7; 2,5; 2,6; 2,7; 3,6; 3,7; 4,7
244: 1,4; 1,6; 1,7; 2,5; 2,6; 2,7; 3,6; 4,7; 5,7
245: 1,4; 1,6; 1,7; 2,5; 2,6; 3,6; 3,7; 4,7; 5,7
246: 1,4; 1,6; 1,7; 2,5; 2,6; 2,7; 3,6; 3,7; 6,7
247: 1,4; 1,6; 1,7; 2,5; 2,6; 2,7; 3,6; 4,7; 6,7
248: 1,4; 1,6; 1,7; 2,5; 2,6; 3,6; 3,7; 4,7; 6,7
249: 1,4; 1,6; 2,5; 2,6; 2,7; 3,6; 3,7; 4,7; 6,7
250: 1,4; 1,6; 1,7; 2,5; 2,6; 3,6; 4,7; 5,7; 6,7
251: 1,4; 1,6; 2,5; 2,6; 3,6; 3,7; 4,7; 5,7; 6,7
252: 1,4; 1,6; 1,7; 2,5; 2,6; 2,7; 3,6; 3,7; 4,7; 5,7
253: 1,4; 1,6; 1,7; 2,5; 2,6; 2,7; 3,6; 3,7; 4,7; 6,7
254: 1,4; 1,6; 1,7; 2,5; 2,6; 2,7; 3,6; 4,7; 5,7; 6,7
255: 1,4; 1,6; 1,7; 2,5; 2,6; 3,6; 3,7; 4,7; 5,7; 6,7
256: 1,4; 1,6; 1,7; 2,5; 2,6; 2,7; 3,6; 3,7; 4,7; 5,7; 6,7
257: 1,4; 1,6; 1,7; 2,5; 2,6; 2,7; 3,7; 4,6
258: 1,4; 1,6; 1,7; 2,5; 2,6; 2,7; 3,7; 4,6; 4,7
259: 1,4; 1,6; 1,7; 2,5; 2,6; 2,7; 3,7; 4,6; 5,7
260: 1,4; 1,6; 1,7; 2,5; 2,6; 3,7; 4,6; 4,7; 5,7
261: 1,4; 1,6; 1,7; 2,5; 2,6; 2,7; 3,7; 4,6; 4,7; 5,7
262: 1,4; 1,6; 1,7; 2,5; 2,6; 2,7; 3,7; 4,6; 4,7; 6,7
263: 1,4; 1,6; 1,7; 2,5; 2,6; 2,7; 3,7; 4,6; 5,7; 6,7
264: 1,4; 1,6; 1,7; 2,5; 2,6; 3,7; 4,6; 4,7; 5,7; 6,7
265: 1,4; 1,6; 1,7; 2,5; 2,6; 2,7; 3,7; 4,6; 4,7; 5,7; 6,7
266: 1,4; 1,6; 2,5; 2,7; 3,6; 3,7; 4,6; 5,7
267: 1,4; 1,6; 1,7; 2,5; 2,7; 3,6; 3,7; 4,6; 4,7
268: 1,4; 1,6; 1,7; 2,5; 2,7; 3,6; 3,7; 4,6; 5,7
269: 1,4; 1,6; 1,7; 2,5; 2,7; 3,6; 4,6; 4,7; 5,7
270: 1,4; 1,6; 1,7; 2,5; 2,7; 3,6; 4,6; 4,7; 6,7
271: 1,4; 1,6; 1,7; 2,5; 2,7; 3,6; 4,6; 5,7; 6,7
272: 1,4; 1,6; 2,5; 2,7; 3,6; 3,7; 4,6; 5,7; 6,7
273: 1,4; 1,6; 1,7; 2,5; 2,7; 3,6; 3,7; 4,6; 4,7; 5,7
274: 1,4; 1,6; 1,7; 2,5; 2,7; 3,6; 3,7; 4,6; 4,7; 6,7
275: 1,4; 1,6; 1,7; 2,5; 2,7; 3,6; 3,7; 4,6; 5,7; 6,7
276: 1,4; 1,6; 1,7; 2,5; 2,7; 3,6; 4,6; 4,7; 5,7; 6,7
277: 1,4; 1,6; 1,7; 2,5; 2,7; 3,6; 3,7; 4,6; 4,7; 5,7; 6,7
278: 1,4; 1,6; 1,7; 2,5; 2,6; 2,7; 3,6; 3,7; 4,6; 4,7
279: 1,4; 1,6; 1,7; 2,5; 2,6; 2,7; 3,6; 3,7; 4,6; 5,7
280: 1,4; 1,6; 1,7; 2,5; 2,6; 2,7; 3,6; 4,6; 4,7; 5,7
281: 1,4; 1,6; 1,7; 2,5; 2,6; 3,6; 3,7; 4,6; 4,7; 5,7
282: 1,4; 1,6; 1,7; 2,5; 2,6; 2,7; 3,6; 3,7; 4,6; 4,7; 5,7
283: 1,4; 1,6; 1,7; 2,5; 2,6; 2,7; 3,6; 3,7; 4,6; 4,7; 6,7
284: 1,4; 1,6; 1,7; 2,5; 2,6; 2,7; 3,6; 3,7; 4,6; 5,7; 6,7
285: 1,4; 1,6; 1,7; 2,5; 2,6; 2,7; 3,6; 4,6; 4,7; 5,7; 6,7
286: 1,4; 1,6; 1,7; 2,5; 2,6; 3,6; 3,7; 4,6; 4,7; 5,7; 6,7
287: 1,4; 1,6; 1,7; 2,5; 2,6; 2,7; 3,6; 3,7; 4,6; 4,7; 5,7; 6,7
288: 1,4; 1,6; 1,7; 2,5; 2,6; 2,7; 3,7; 4,6; 4,7; 5,6; 5,7
289: 1,4; 1,6; 1,7; 2,5; 2,6; 2,7; 3,7; 4,6; 4,7; 5,6; 5,7; 6,7
290: 1,4; 1,6; 1,7; 2,5; 2,6; 2,7; 3,6; 3,7; 4,6; 4,7; 5,6; 5,7
291: 1,4; 1,6; 1,7; 2,5; 2,6; 2,7; 3,6; 3,7; 4,6; 4,7; 5,6; 5,7; 6,7
292: 1,4; 1,5; 2,5; 2,6; 3,6; 3,7; 4,7
293: 1,4; 1,5; 1,7; 2,5; 2,6; 2,7; 3,6; 3,7
294: 1,4; 1,5; 1,7; 2,5; 2,6; 2,7; 3,6; 4,7
295: 1,4; 1,5; 1,7; 2,5; 2,6; 3,6; 3,7; 4,7
296: 1,4; 1,5; 2,5; 2,6; 2,7; 3,6; 3,7; 4,7
297: 1,4; 1,5; 1,7; 2,5; 2,6; 2,7; 3,6; 5,7
298: 1,4; 1,5; 1,7; 2,5; 2,6; 3,6; 3,7; 5,7
299: 1,4; 1,5; 2,5; 2,6; 2,7; 3,6; 3,7; 5,7
300: 1,4; 1,5; 1,7; 2,5; 2,6; 2,7; 3,6; 6,7
301: 1,4; 1,5; 1,7; 2,5; 2,6; 3,6; 3,7; 6,7
302: 1,4; 1,5; 1,7; 2,5; 2,6; 2,7; 3,6; 3,7; 4,7
303: 1,4; 1,5; 1,7; 2,5; 2,6; 2,7; 3,6; 3,7; 5,7
304: 1,4; 1,5; 1,7; 2,5; 2,6; 2,7; 3,6; 4,7; 5,7
305: 1,4; 1,5; 1,7; 2,5; 2,6; 3,6; 3,7; 4,7; 5,7
306: 1,4; 1,5; 2,5; 2,6; 2,7; 3,6; 3,7; 4,7; 5,7
307: 1,4; 1,5; 1,7; 2,5; 2,6; 2,7; 3,6; 3,7; 6,7
308: 1,4; 1,5; 1,7; 2,5; 2,6; 2,7; 3,6; 4,7; 6,7
309: 1,4; 1,5; 1,7; 2,5; 2,6; 3,6; 3,7; 4,7; 6,7
310: 1,4; 1,5; 1,7; 2,5; 2,6; 2,7; 3,6; 5,7; 6,7
311: 1,4; 1,5; 1,7; 2,5; 2,6; 2,7; 3,6; 3,7; 4,7; 5,7
312: 1,4; 1,5; 1,7; 2,5; 2,6; 2,7; 3,6; 3,7; 4,7; 6,7
313: 1,4; 1,5; 1,7; 2,5; 2,6; 2,7; 3,6; 3,7; 5,7; 6,7
314: 1,4; 1,5; 1,7; 2,5; 2,6; 2,7; 3,6; 3,7; 4,7; 5,7; 6,7
315: 1,4; 1,5; 1,7; 2,5; 2,6; 2,7; 3,7; 4,6
316: 1,4; 1,5; 1,7; 2,5; 2,6; 2,7; 3,7; 4,6; 4,7
317: 1,4; 1,5; 1,7; 2,5; 2,6; 2,7; 3,7; 4,6; 5,7
318: 1,4; 1,5; 1,7; 2,5; 2,6; 2,7; 3,7; 4,6; 4,7; 5,7
319: 1,4; 1,5; 1,7; 2,5; 2,6; 2,7; 3,7; 4,6; 4,7; 5,7; 6,7
320: 1,4; 1,5; 1,6; 1,7; 2,5; 2,6; 2,7; 3,6; 3,7; 4,7
321: 1,4; 1,5; 1,6; 1,7; 2,5; 2,6; 2,7; 3,6; 3,7; 5,7
322: 1,4; 1,5; 1,6; 1,7; 2,5; 2,6; 2,7; 3,6; 4,7; 5,7
323: 1,4; 1,5; 1,6; 1,7; 2,5; 2,6; 3,6; 3,7; 4,7; 5,7
324: 1,4; 1,5; 1,6; 2,5; 2,6; 2,7; 3,6; 3,7; 4,7; 5,7
325: 1,4; 1,5; 1,6; 1,7; 2,5; 2,6; 2,7; 3,6; 5,7; 6,7
326: 1,4; 1,5; 1,6; 1,7; 2,5; 2,6; 2,7; 3,6; 3,7; 4,7; 5,7
327: 1,4; 1,5; 1,6; 1,7; 2,5; 2,6; 2,7; 3,6; 3,7; 4,7; 6,7
328: 1,4; 1,5; 1,6; 1,7; 2,5; 2,6; 2,7; 3,6; 3,7; 5,7; 6,7
329: 1,4; 1,5; 1,6; 1,7; 2,5; 2,6; 2,7; 3,6; 3,7; 4,7; 5,7; 6,7
330: 1,4; 1,5; 1,6; 2,5; 2,6; 2,7; 3,7; 4,6; 4,7; 5,7
331: 1,4; 1,5; 1,6; 1,7; 2,5; 2,6; 2,7; 3,7; 4,6; 6,7
332: 1,4; 1,5; 1,6; 1,7; 2,5; 2,6; 2,7; 3,7; 4,6; 4,7; 5,7
333: 1,4; 1,5; 1,6; 1,7; 2,5; 2,6; 2,7; 3,7; 4,6; 4,7; 6,7
334: 1,4; 1,5; 1,6; 1,7; 2,5; 2,6; 2,7; 3,7; 4,6; 5,7; 6,7
335: 1,4; 1,5; 1,6; 1,7; 2,5; 2,6; 2,7; 3,7; 4,6; 4,7; 5,7; 6,7
336: 1,4; 1,5; 1,7; 2,5; 2,6; 2,7; 3,6; 3,7; 4,6
337: 1,4; 1,5; 1,7; 2,5; 2,6; 3,6; 3,7; 4,6; 5,7
338: 1,4; 1,5; 1,7; 2,5; 2,6; 2,7; 3,6; 3,7; 4,6; 4,7
339: 1,4; 1,5; 1,7; 2,5; 2,6; 2,7; 3,6; 3,7; 4,6; 5,7
340: 1,4; 1,5; 1,7; 2,5; 2,6; 2,7; 3,6; 4,6; 4,7; 5,7
341: 1,4; 1,5; 1,7; 2,5; 2,6; 2,7; 3,6; 4,6; 4,7; 6,7
342: 1,4; 1,5; 2,5; 2,6; 2,7; 3,6; 3,7; 4,6; 4,7; 6,7
343: 1,4; 1,5; 1,7; 2,5; 2,6; 2,7; 3,6; 3,7; 4,6; 4,7; 5,7
344: 1,4; 1,5; 1,7; 2,5; 2,6; 2,7; 3,6; 3,7; 4,6; 4,7; 6,7
345: 1,4; 1,5; 1,7; 2,5; 2,6; 2,7; 3,6; 3,7; 4,6; 5,7; 6,7
346: 1,4; 1,5; 1,7; 2,5; 2,6; 2,7; 3,6; 4,6; 4,7; 5,7; 6,7
347: 1,4; 1,5; 1,7; 2,5; 2,6; 2,7; 3,6; 3,7; 4,6; 4,7; 5,7; 6,7
348: 1,4; 1,5; 1,6; 2,5; 2,6; 2,7; 3,7; 4,7; 5,6; 5,7
349: 1,4; 1,5; 1,6; 1,7; 2,5; 2,6; 3,7; 5,6; 5,7; 6,7
350: 1,4; 1,5; 1,6; 2,5; 2,6; 3,7; 4,7; 5,6; 5,7; 6,7
351: 1,4; 1,5; 1,6; 1,7; 2,5; 2,6; 2,7; 3,7; 4,7; 5,6; 5,7
352: 1,4; 1,5; 1,6; 1,7; 2,5; 2,6; 2,7; 3,7; 5,6; 5,7; 6,7
353: 1,4; 1,5; 1,6; 1,7; 2,5; 2,6; 3,7; 4,7; 5,6; 5,7; 6,7
354: 1,4; 1,5; 1,6; 2,5; 2,6; 2,7; 3,7; 4,7; 5,6; 5,7; 6,7
355: 1,4; 1,5; 1,6; 1,7; 2,5; 2,6; 2,7; 3,7; 4,7; 5,6; 5,7; 6,7
356: 1,4; 1,5; 1,6; 1,7; 2,5; 2,7; 3,6; 3,7; 4,7; 5,6
357: 1,4; 1,5; 1,6; 1,7; 2,5; 2,7; 3,6; 3,7; 4,7; 5,6; 5,7
358: 1,4; 1,5; 1,6; 1,7; 2,5; 2,7; 3,6; 3,7; 5,6; 5,7; 6,7
359: 1,4; 1,5; 1,6; 1,7; 2,5; 2,7; 3,6; 3,7; 4,7; 5,6; 5,7; 6,7
360: 1,4; 1,5; 1,6; 2,5; 2,6; 2,7; 3,6; 3,7; 4,6; 4,7; 5,7
361: 1,4; 1,5; 1,6; 1,7; 2,5; 2,6; 2,7; 3,6; 3,7; 4,6; 4,7; 5,7
362: 1,4; 1,5; 1,6; 1,7; 2,5; 2,6; 2,7; 3,6; 3,7; 4,6; 4,7; 6,7
363: 1,4; 1,5; 1,6; 1,7; 2,5; 2,6; 2,7; 3,6; 4,6; 4,7; 5,7; 6,7
364: 1,4; 1,5; 1,6; 2,5; 2,6; 2,7; 3,6; 3,7; 4,6; 4,7; 5,7; 6,7
365: 1,4; 1,5; 1,6; 1,7; 2,5; 2,6; 2,7; 3,6; 3,7; 4,6; 4,7; 5,7; 6,7
366: 1,4; 1,5; 1,6; 1,7; 2,5; 2,6; 2,7; 3,6; 3,7; 4,7; 5,6; 5,7
367: 1,4; 1,5; 1,6; 1,7; 2,5; 2,6; 2,7; 3,6; 3,7; 4,7; 5,6; 6,7
368: 1,4; 1,5; 1,6; 1,7; 2,5; 2,6; 2,7; 3,6; 3,7; 5,6; 5,7; 6,7
369: 1,4; 1,5; 1,6; 1,7; 2,5; 2,6; 2,7; 3,6; 4,7; 5,6; 5,7; 6,7
370: 1,4; 1,5; 1,6; 1,7; 2,5; 2,6; 3,6; 3,7; 4,7; 5,6; 5,7; 6,7
371: 1,4; 1,5; 1,6; 2,5; 2,6; 2,7; 3,6; 3,7; 4,7; 5,6; 5,7; 6,7
372: 1,4; 1,5; 1,6; 1,7; 2,5; 2,6; 2,7; 3,6; 3,7; 4,7; 5,6; 5,7; 6,7
373: 1,4; 1,5; 1,6; 1,7; 2,5; 2,6; 2,7; 3,7; 4,6; 4,7; 5,6; 5,7
374: 1,4; 1,5; 1,6; 1,7; 2,5; 2,6; 2,7; 3,7; 4,6; 4,7; 5,6; 5,7; 6,7
375: 1,4; 1,5; 1,6; 1,7; 2,5; 2,6; 2,7; 3,6; 3,7; 4,6; 4,7; 5,6; 5,7
376: 1,4; 1,5; 1,6; 1,7; 2,5; 2,6; 2,7; 3,6; 3,7; 4,6; 4,7; 5,6; 5,7; 6,7
377: 1,4; 1,7; 2,5; 2,6; 2,7; 3,5; 3,6; 3,7
378: 1,4; 1,7; 2,5; 2,6; 2,7; 3,5; 3,6; 4,7
379: 1,4; 1,7; 2,5; 2,6; 2,7; 3,5; 3,6; 3,7; 4,7
380: 1,4; 1,7; 2,5; 2,6; 2,7; 3,5; 3,6; 3,7; 5,7
381: 1,4; 1,7; 2,5; 2,6; 2,7; 3,5; 3,6; 4,7; 5,7
382: 1,4; 1,7; 2,5; 2,6; 2,7; 3,5; 3,6; 3,7; 4,7; 5,7
383: 1,4; 1,7; 2,5; 2,6; 2,7; 3,5; 3,6; 3,7; 5,7; 6,7
384: 1,4; 1,7; 2,5; 2,6; 2,7; 3,5; 3,6; 3,7; 4,7; 5,7; 6,7
385: 1,4; 1,6; 1,7; 2,5; 2,6; 2,7; 3,5; 3,6; 3,7
386: 1,4; 1,6; 2,5; 2,6; 2,7; 3,5; 3,6; 3,7; 4,7
387: 1,4; 1,6; 1,7; 2,5; 2,6; 2,7; 3,5; 3,6; 5,7
388: 1,4; 1,6; 2,5; 2,6; 2,7; 3,5; 3,6; 3,7; 5,7
389: 1,4; 1,6; 1,7; 2,5; 2,6; 3,5; 3,6; 4,7; 5,7
390: 1,4; 1,6; 1,7; 2,5; 2,6; 2,7; 3,5; 3,6; 3,7; 4,7
391: 1,4; 1,6; 1,7; 2,5; 2,6; 2,7; 3,5; 3,6; 3,7; 5,7
392: 1,4; 1,6; 1,7; 2,5; 2,6; 2,7; 3,5; 3,6; 4,7; 5,7
393: 1,4; 1,6; 2,5; 2,6; 2,7; 3,5; 3,6; 3,7; 4,7; 5,7
394: 1,4; 1,6; 1,7; 2,5; 2,6; 2,7; 3,5; 3,6; 3,7; 6,7
395: 1,4; 1,6; 1,7; 2,5; 2,6; 2,7; 3,5; 3,6; 4,7; 6,7
396: 1,4; 1,6; 2,5; 2,6; 2,7; 3,5; 3,6; 3,7; 4,7; 6,7
397: 1,4; 1,6; 1,7; 2,5; 2,6; 2,7; 3,5; 3,6; 3,7; 4,7; 5,7
398: 1,4; 1,6; 1,7; 2,5; 2,6; 2,7; 3,5; 3,6; 3,7; 4,7; 6,7
399: 1,4; 1,6; 1,7; 2,5; 2,6; 2,7; 3,5; 3,6; 3,7; 5,7; 6,7
400: 1,4; 1,6; 1,7; 2,5; 2,6; 2,7; 3,5; 3,6; 4,7; 5,7; 6,7
401: 1,4; 1,6; 2,5; 2,6; 2,7; 3,5; 3,6; 3,7; 4,7; 5,7; 6,7
402: 1,4; 1,6; 1,7; 2,5; 2,6; 2,7; 3,5; 3,6; 3,7; 4,7; 5,7; 6,7
403: 1,4; 1,6; 1,7; 2,5; 2,6; 2,7; 3,5; 3,7; 4,6
404: 1,4; 1,6; 1,7; 2,5; 2,6; 2,7; 3,5; 4,6; 5,7
405: 1,4; 1,6; 1,7; 2,5; 2,6; 3,5; 3,7; 4,6; 5,7
406: 1,4; 1,6; 1,7; 2,5; 2,6; 3,5; 4,6; 4,7; 5,7
407: 1,4; 1,6; 1,7; 2,5; 2,6; 2,7; 3,5; 3,7; 4,6; 4,7
408: 1,4; 1,6; 1,7; 2,5; 2,6; 2,7; 3,5; 3,7; 4,6; 5,7
409: 1,4; 1,6; 1,7; 2,5; 2,6; 2,7; 3,5; 4,6; 4,7; 5,7
410: 1,4; 1,6; 1,7; 2,5; 2,6; 3,5; 3,7; 4,6; 4,7; 5,7
411: 1,4; 1,6; 1,7; 2,5; 2,6; 2,7; 3,5; 4,6; 4,7; 6,7
412: 1,4; 1,6; 1,7; 2,5; 2,6; 3,5; 3,7; 4,6; 4,7; 6,7
413: 1,4; 1,6; 1,7; 2,5; 2,6; 2,7; 3,5; 3,7; 4,6; 4,7; 5,7
414: 1,4; 1,6; 1,7; 2,5; 2,6; 2,7; 3,5; 3,7; 4,6; 4,7; 6,7
415: 1,4; 1,6; 1,7; 2,5; 2,6; 2,7; 3,5; 3,7; 4,6; 5,7; 6,7
416: 1,4; 1,6; 1,7; 2,5; 2,6; 2,7; 3,5; 4,6; 4,7; 5,7; 6,7
417: 1,4; 1,6; 1,7; 2,5; 2,6; 3,5; 3,7; 4,6; 4,7; 5,7; 6,7
418: 1,4; 1,6; 1,7; 2,5; 2,6; 2,7; 3,5; 3,7; 4,6; 4,7; 5,7; 6,7
419: 1,4; 1,6; 1,7; 2,5; 2,6; 2,7; 3,5; 3,7; 4,7; 5,6
420: 1,4; 1,6; 1,7; 2,5; 2,6; 2,7; 3,5; 4,7; 5,6; 5,7
421: 1,4; 1,6; 1,7; 2,5; 2,6; 3,5; 3,7; 4,7; 5,6; 5,7
422: 1,4; 1,6; 2,5; 2,6; 2,7; 3,5; 3,7; 4,7; 5,6; 5,7
423: 1,4; 1,6; 1,7; 2,5; 2,6; 2,7; 3,5; 3,7; 5,6; 6,7
424: 1,4; 1,6; 1,7; 2,5; 2,6; 2,7; 3,5; 4,7; 5,6; 6,7
425: 1,4; 1,6; 1,7; 2,5; 2,6; 3,5; 3,7; 4,7; 5,6; 6,7
426: 1,4; 1,6; 2,5; 2,6; 2,7; 3,5; 3,7; 4,7; 5,6; 6,7
427: 1,4; 1,6; 1,7; 2,5; 2,6; 2,7; 3,5; 5,6; 5,7; 6,7
428: 1,4; 1,6; 1,7; 2,5; 2,6; 3,5; 3,7; 5,6; 5,7; 6,7
429: 1,4; 1,6; 1,7; 2,5; 2,6; 3,5; 4,7; 5,6; 5,7; 6,7
430: 1,4; 1,6; 2,5; 2,6; 2,7; 3,5; 4,7; 5,6; 5,7; 6,7
431: 1,4; 1,6; 2,5; 2,6; 3,5; 3,7; 4,7; 5,6; 5,7; 6,7
432: 1,4; 1,6; 1,7; 2,5; 2,6; 2,7; 3,5; 3,7; 4,7; 5,6; 5,7
433: 1,4; 1,6; 1,7; 2,5; 2,6; 2,7; 3,5; 3,7; 4,7; 5,6; 6,7
434: 1,4; 1,6; 1,7; 2,5; 2,6; 2,7; 3,5; 3,7; 5,6; 5,7; 6,7
435: 1,4; 1,6; 1,7; 2,5; 2,6; 2,7; 3,5; 4,7; 5,6; 5,7; 6,7
436: 1,4; 1,6; 1,7; 2,5; 2,6; 3,5; 3,7; 4,7; 5,6; 5,7; 6,7
437: 1,4; 1,6; 2,5; 2,6; 2,7; 3,5; 3,7; 4,7; 5,6; 5,7; 6,7
438: 1,4; 1,6; 1,7; 2,5; 2,6; 2,7; 3,5; 3,7; 4,7; 5,6; 5,7; 6,7
439: 1,4; 1,7; 2,5; 2,6; 2,7; 3,5; 3,6; 3,7; 4,7; 5,6
440: 1,4; 1,7; 2,5; 2,6; 2,7; 3,5; 3,6; 3,7; 5,6; 5,7
441: 1,4; 1,7; 2,5; 2,6; 2,7; 3,5; 3,6; 4,7; 5,6; 5,7
442: 1,4; 1,7; 2,5; 2,6; 2,7; 3,5; 3,6; 5,6; 5,7; 6,7
443: 1,4; 1,7; 2,5; 2,6; 3,5; 3,6; 4,7; 5,6; 5,7; 6,7
444: 1,4; 1,7; 2,5; 2,6; 2,7; 3,5; 3,6; 3,7; 4,7; 5,6; 5,7
445: 1,4; 1,7; 2,5; 2,6; 2,7; 3,5; 3,6; 3,7; 5,6; 5,7; 6,7
446: 1,4; 1,7; 2,5; 2,6; 2,7; 3,5; 3,6; 4,7; 5,6; 5,7; 6,7
447: 1,4; 1,7; 2,5; 2,6; 2,7; 3,5; 3,6; 3,7; 4,7; 5,6; 5,7; 6,7
448: 1,4; 1,6; 1,7; 2,5; 2,7; 3,5; 3,7; 4,6; 4,7; 5,6
449: 1,4; 1,6; 1,7; 2,5; 2,7; 3,5; 3,7; 4,6; 5,6; 5,7
450: 1,4; 1,6; 1,7; 2,5; 2,7; 3,5; 4,6; 4,7; 5,6; 5,7
451: 1,4; 1,6; 1,7; 2,5; 2,7; 3,5; 3,7; 4,6; 5,6; 6,7
452: 1,4; 1,6; 1,7; 2,5; 2,7; 3,5; 4,6; 4,7; 5,6; 6,7
453: 1,4; 1,6; 1,7; 2,5; 3,5; 4,6; 4,7; 5,6; 5,7; 6,7
454: 1,4; 1,6; 1,7; 2,5; 2,7; 3,5; 3,7; 4,6; 4,7; 5,6; 5,7
455: 1,4; 1,6; 1,7; 2,5; 2,7; 3,5; 3,7; 4,6; 4,7; 5,6; 6,7
456: 1,4; 1,6; 1,7; 2,5; 2,7; 3,5; 3,7; 4,6; 5,6; 5,7; 6,7
457: 1,4; 1,6; 1,7; 2,5; 2,7; 3,5; 4,6; 4,7; 5,6; 5,7; 6,7
458: 1,4; 1,6; 1,7; 2,5; 2,7; 3,5; 3,7; 4,6; 4,7; 5,6; 5,7; 6,7
459: 1,4; 1,6; 1,7; 2,5; 2,6; 2,7; 3,5; 3,6; 3,7; 4,6; 4,7
460: 1,4; 1,6; 1,7; 2,5; 2,6; 2,7; 3,5; 3,6; 3,7; 4,6; 4,7; 5,7
461: 1,4; 1,6; 1,7; 2,5; 2,6; 2,7; 3,5; 3,6; 3,7; 4,6; 4,7; 6,7
462: 1,4; 1,6; 1,7; 2,5; 2,6; 2,7; 3,5; 3,6; 3,7; 4,6; 4,7; 5,7; 6,7
463: 1,4; 1,6; 1,7; 2,5; 2,6; 2,7; 3,5; 3,6; 3,7; 4,7; 5,6
464: 1,4; 1,6; 1,7; 2,5; 2,6; 2,7; 3,5; 3,6; 3,7; 4,7; 5,6; 5,7
465: 1,4; 1,6; 1,7; 2,5; 2,6; 2,7; 3,5; 3,6; 3,7; 4,7; 5,6; 6,7
466: 1,4; 1,6; 1,7; 2,5; 2,6; 2,7; 3,5; 3,6; 3,7; 5,6; 5,7; 6,7
467: 1,4; 1,6; 1,7; 2,5; 2,6; 2,7; 3,5; 3,6; 4,7; 5,6; 5,7; 6,7
468: 1,4; 1,6; 2,5; 2,6; 2,7; 3,5; 3,6; 3,7; 4,7; 5,6; 5,7; 6,7
469: 1,4; 1,6; 1,7; 2,5; 2,6; 2,7; 3,5; 3,6; 3,7; 4,7; 5,6; 5,7; 6,7
470: 1,4; 1,6; 1,7; 2,5; 2,6; 2,7; 3,5; 3,7; 4,6; 4,7; 5,6
471: 1,4; 1,6; 1,7; 2,5; 2,6; 2,7; 3,5; 3,7; 4,6; 4,7; 5,6; 5,7
472: 1,4; 1,6; 1,7; 2,5; 2,6; 2,7; 3,5; 3,7; 4,6; 4,7; 5,6; 6,7
473: 1,4; 1,6; 1,7; 2,5; 2,6; 2,7; 3,5; 4,6; 4,7; 5,6; 5,7; 6,7
474: 1,4; 1,6; 1,7; 2,5; 2,6; 3,5; 3,7; 4,6; 4,7; 5,6; 5,7; 6,7
475: 1,4; 1,6; 1,7; 2,5; 2,6; 2,7; 3,5; 3,7; 4,6; 4,7; 5,6; 5,7; 6,7
476: 1,4; 1,6; 1,7; 2,5; 2,6; 2,7; 3,5; 3,6; 3,7; 4,6; 4,7; 5,6; 5,7
477: 1,4; 1,6; 1,7; 2,5; 2,6; 2,7; 3,5; 3,6; 3,7; 4,6; 4,7; 5,6; 5,7; 6,7
478: 1,4; 1,5; 1,7; 2,6; 2,7; 3,6; 4,5; 4,7
479: 1,4; 1,5; 1,7; 2,6; 2,7; 3,6; 4,5; 6,7
480: 1,4; 1,5; 1,7; 2,6; 3,6; 4,5; 4,7; 6,7
481: 1,4; 1,5; 1,7; 2,6; 2,7; 3,6; 3,7; 4,5; 4,7
482: 1,4; 1,5; 1,7; 2,6; 2,7; 3,6; 4,5; 4,7; 5,7
483: 1,4; 1,5; 1,7; 2,6; 2,7; 3,6; 3,7; 4,5; 6,7
484: 1,4; 1,5; 1,7; 2,6; 2,7; 3,6; 4,5; 4,7; 6,7
485: 1,4; 1,5; 1,7; 2,6; 3,6; 4,5; 4,7; 5,7; 6,7
486: 1,4; 1,5; 1,7; 2,6; 2,7; 3,6; 3,7; 4,5; 4,7; 5,7
487: 1,4; 1,5; 1,7; 2,6; 2,7; 3,6; 3,7; 4,5; 4,7; 6,7
488: 1,4; 1,5; 1,7; 2,6; 2,7; 3,6; 4,5; 4,7; 5,7; 6,7
489: 1,4; 1,5; 1,7; 2,6; 2,7; 3,6; 3,7; 4,5; 4,7; 5,7; 6,7
490: 1,4; 1,5; 1,6; 1,7; 2,7; 3,7; 4,5; 4,6; 4,7; 5,6; 5,7
491: 1,4; 1,5; 1,6; 1,7; 2,7; 3,7; 4,5; 4,6; 4,7; 5,6; 5,7; 6,7
492: 1,4; 1,5; 1,6; 1,7; 2,6; 2,7; 3,6; 3,7; 4,5; 4,6; 4,7; 5,7
493: 1,4; 1,5; 1,6; 1,7; 2,6; 2,7; 3,6; 3,7; 4,5; 4,6; 4,7; 6,7
494: 1,4; 1,5; 1,6; 1,7; 2,6; 2,7; 3,6; 3,7; 4,5; 4,6; 5,7; 6,7
495: 1,4; 1,5; 1,6; 1,7; 2,6; 2,7; 3,6; 4,5; 4,6; 4,7; 5,7; 6,7
496: 1,4; 1,5; 1,6; 1,7; 2,6; 2,7; 3,6; 3,7; 4,5; 4,6; 4,7; 5,7; 6,7
497: 1,4; 1,5; 1,6; 1,7; 2,6; 2,7; 3,7; 4,5; 4,6; 4,7; 5,6; 5,7
498: 1,4; 1,5; 1,6; 1,7; 2,6; 3,7; 4,5; 4,6; 4,7; 5,6; 5,7; 6,7
499: 1,4; 1,5; 1,6; 1,7; 2,6; 2,7; 3,7; 4,5; 4,6; 4,7; 5,6; 5,7; 6,7
500: 1,4; 1,5; 1,6; 1,7; 2,6; 2,7; 3,6; 3,7; 4,5; 4,6; 4,7; 5,6; 5,7
501: 1,4; 1,5; 1,6; 1,7; 2,6; 2,7; 3,6; 3,7; 4,5; 4,6; 4,7; 5,6; 5,7; 6,7
502: 1,4; 1,5; 1,6; 1,7; 2,5; 2,6; 2,7; 3,5; 3,6; 3,7; 4,7
503: 1,4; 1,5; 1,6; 1,7; 2,5; 2,6; 2,7; 3,5; 3,6; 3,7; 5,7
504: 1,4; 1,5; 1,6; 2,5; 2,6; 2,7; 3,5; 3,6; 3,7; 4,7; 5,7
505: 1,4; 1,5; 1,6; 1,7; 2,5; 2,6; 2,7; 3,5; 3,6; 5,7; 6,7
506: 1,4; 1,5; 1,6; 2,5; 2,6; 2,7; 3,5; 3,6; 3,7; 5,7; 6,7
507: 1,4; 1,5; 1,6; 1,7; 2,5; 2,6; 3,5; 3,6; 4,7; 5,7; 6,7
508: 1,4; 1,5; 1,6; 2,5; 2,6; 2,7; 3,5; 3,6; 4,7; 5,7; 6,7
509: 1,4; 1,5; 1,6; 1,7; 2,5; 2,6; 2,7; 3,5; 3,6; 3,7; 4,7; 5,7
510: 1,4; 1,5; 1,6; 1,7; 2,5; 2,6; 2,7; 3,5; 3,6; 3,7; 5,7; 6,7
511: 1,4; 1,5; 1,6; 1,7; 2,5; 2,6; 2,7; 3,5; 3,6; 4,7; 5,7; 6,7
512: 1,4; 1,5; 1,6; 2,5; 2,6; 2,7; 3,5; 3,6; 3,7; 4,7; 5,7; 6,7
513: 1,4; 1,5; 1,6; 1,7; 2,5; 2,6; 2,7; 3,5; 3,6; 3,7; 4,7; 5,7; 6,7
514: 1,4; 1,5; 1,7; 2,5; 2,6; 2,7; 3,5; 3,6; 3,7; 4,6
515: 1,4; 1,5; 1,7; 2,5; 2,6; 2,7; 3,5; 3,6; 3,7; 4,6; 4,7
516: 1,4; 1,5; 1,7; 2,5; 2,6; 2,7; 3,5; 3,6; 3,7; 4,6; 5,7
517: 1,4; 1,5; 1,7; 2,5; 2,6; 2,7; 3,5; 3,6; 4,6; 5,7; 6,7
518: 1,4; 1,5; 2,5; 2,6; 2,7; 3,5; 3,6; 3,7; 4,6; 5,7; 6,7
519: 1,4; 1,5; 1,7; 2,5; 2,6; 3,5; 3,6; 4,6; 4,7; 5,7; 6,7
520: 1,4; 1,5; 1,7; 2,5; 2,6; 2,7; 3,5; 3,6; 3,7; 4,6; 4,7; 5,7
521: 1,4; 1,5; 1,7; 2,5; 2,6; 2,7; 3,5; 3,6; 3,7; 4,6; 5,7; 6,7
522: 1,4; 1,5; 1,7; 2,5; 2,6; 2,7; 3,5; 3,6; 4,6; 4,7; 5,7; 6,7
523: 1,4; 1,5; 1,7; 2,5; 2,6; 2,7; 3,5; 3,6; 3,7; 4,6; 4,7; 5,7; 6,7
524: 1,4; 1,5; 1,6; 2,5; 2,6; 2,7; 3,5; 3,6; 3,7; 4,6; 4,7; 5,7
525: 1,4; 1,5; 1,6; 1,7; 2,5; 2,6; 2,7; 3,5; 3,6; 3,7; 4,6; 4,7; 5,7
526: 1,4; 1,5; 1,6; 1,7; 2,5; 2,6; 2,7; 3,5; 3,6; 3,7; 4,6; 4,7; 6,7
527: 1,4; 1,5; 1,6; 2,5; 2,6; 2,7; 3,5; 3,6; 3,7; 4,6; 4,7; 5,7; 6,7
528: 1,4; 1,5; 1,6; 1,7; 2,5; 2,6; 2,7; 3,5; 3,6; 3,7; 4,6; 4,7; 5,7; 6,7
529: 1,4; 1,5; 1,6; 1,7; 2,5; 2,6; 2,7; 3,5; 3,6; 3,7; 4,7; 5,6; 5,7
530: 1,4; 1,5; 1,6; 1,7; 2,5; 2,6; 2,7; 3,5; 3,6; 3,7; 5,6; 5,7; 6,7
531: 1,4; 1,5; 1,6; 1,7; 2,5; 2,6; 2,7; 3,5; 3,6; 4,7; 5,6; 5,7; 6,7
532: 1,4; 1,5; 1,6; 2,5; 2,6; 2,7; 3,5; 3,6; 3,7; 4,7; 5,6; 5,7; 6,7
533: 1,4; 1,5; 1,6; 1,7; 2,5; 2,6; 2,7; 3,5; 3,6; 3,7; 4,7; 5,6; 5,7; 6,7
534: 1,4; 1,5; 1,6; 1,7; 2,5; 2,6; 2,7; 3,5; 3,7; 4,6; 4,7; 5,6; 5,7
535: 1,4; 1,5; 1,6; 1,7; 2,5; 2,6; 2,7; 3,5; 3,7; 4,6; 4,7; 5,6; 6,7
536: 1,4; 1,5; 1,6; 1,7; 2,5; 2,6; 2,7; 3,5; 4,6; 4,7; 5,6; 5,7; 6,7
537: 1,4; 1,5; 1,6; 1,7; 2,5; 2,6; 3,5; 3,7; 4,6; 4,7; 5,6; 5,7; 6,7
538: 1,4; 1,5; 1,6; 1,7; 2,5; 2,6; 2,7; 3,5; 3,7; 4,6; 4,7; 5,6; 5,7; 6,7
539: 1,4; 1,5; 1,7; 2,5; 2,6; 2,7; 3,5; 3,6; 4,6; 4,7; 5,6; 5,7; 6,7
540: 1,4; 1,5; 1,7; 2,5; 2,6; 2,7; 3,5; 3,6; 3,7; 4,6; 4,7; 5,6; 5,7; 6,7
541: 1,4; 1,5; 1,6; 1,7; 2,5; 2,6; 2,7; 3,5; 3,6; 3,7; 4,6; 4,7; 5,6; 5,7; 6,7
542: 1,4; 1,5; 1,6; 1,7; 2,5; 2,6; 2,7; 3,6; 3,7; 4,5; 5,7
543: 1,4; 1,5; 1,6; 1,7; 2,5; 2,6; 2,7; 3,6; 4,5; 4,7; 5,7
544: 1,4; 1,5; 1,6; 1,7; 2,5; 2,6; 3,6; 3,7; 4,5; 4,7; 5,7
545: 1,4; 1,5; 1,6; 2,5; 2,6; 2,7; 3,6; 3,7; 4,5; 4,7; 5,7
546: 1,4; 1,5; 1,6; 1,7; 2,5; 2,6; 2,7; 3,6; 3,7; 4,5; 6,7
547: 1,4; 1,5; 1,6; 1,7; 2,5; 2,6; 2,7; 3,6; 4,5; 4,7; 6,7
548: 1,4; 1,5; 1,6; 1,7; 2,5; 2,6; 3,6; 3,7; 4,5; 4,7; 6,7
549: 1,4; 1,5; 1,6; 2,5; 2,6; 2,7; 3,6; 3,7; 4,5; 4,7; 6,7
550: 1,4; 1,5; 1,6; 1,7; 2,5; 2,6; 3,6; 3,7; 4,5; 5,7; 6,7
551: 1,4; 1,5; 1,6; 2,5; 2,6; 2,7; 3,6; 3,7; 4,5; 5,7; 6,7
552: 1,4; 1,5; 1,6; 1,7; 2,5; 2,6; 3,6; 4,5; 4,7; 5,7; 6,7
553: 1,4; 1,5; 1,6; 2,5; 2,6; 2,7; 3,6; 4,5; 4,7; 5,7; 6,7
554: 1,4; 1,5; 1,6; 2,5; 2,6; 3,6; 3,7; 4,5; 4,7; 5,7; 6,7
555: 1,4; 1,5; 1,6; 1,7; 2,5; 2,6; 2,7; 3,6; 3,7; 4,5; 4,7; 5,7
556: 1,4; 1,5; 1,6; 1,7; 2,5; 2,6; 2,7; 3,6; 3,7; 4,5; 4,7; 6,7
557: 1,4; 1,5; 1,6; 1,7; 2,5; 2,6; 2,7; 3,6; 3,7; 4,5; 5,7; 6,7
558: 1,4; 1,5; 1,6; 1,7; 2,5; 2,6; 2,7; 3,6; 4,5; 4,7; 5,7; 6,7
559: 1,4; 1,5; 1,6; 1,7; 2,5; 2,6; 3,6; 3,7; 4,5; 4,7; 5,7; 6,7
560: 1,4; 1,5; 1,6; 2,5; 2,6; 2,7; 3,6; 3,7; 4,5; 4,7; 5,7; 6,7
561: 1,4; 1,5; 1,6; 1,7; 2,5; 2,6; 2,7; 3,6; 3,7; 4,5; 4,7; 5,7; 6,7
562: 1,4; 1,5; 1,6; 2,5; 2,6; 2,7; 3,7; 4,5; 4,6; 5,7; 6,7
563: 1,4; 1,5; 1,6; 1,7; 2,5; 2,6; 2,7; 3,7; 4,5; 4,6; 4,7; 5,7
564: 1,4; 1,5; 1,6; 1,7; 2,5; 2,6; 2,7; 3,7; 4,5; 4,6; 5,7; 6,7
565: 1,4; 1,5; 1,6; 1,7; 2,5; 2,6; 3,7; 4,5; 4,6; 4,7; 5,7; 6,7
566: 1,4; 1,5; 1,6; 1,7; 2,5; 2,6; 2,7; 3,7; 4,5; 4,6; 4,7; 5,7; 6,7
567: 1,4; 1,5; 1,6; 1,7; 2,5; 3,6; 3,7; 4,5; 4,6; 4,7; 5,7
568: 1,4; 1,5; 1,6; 1,7; 2,5; 2,7; 3,6; 4,5; 4,6; 5,7; 6,7
569: 1,4; 1,5; 1,6; 2,5; 2,7; 3,6; 3,7; 4,5; 4,6; 5,7; 6,7
570: 1,4; 1,5; 1,6; 1,7; 2,5; 3,6; 4,5; 4,6; 4,7; 5,7; 6,7
571: 1,4; 1,5; 1,6; 1,7; 2,5; 2,7; 3,6; 3,7; 4,5; 4,6; 4,7; 5,7
572: 1,4; 1,5; 1,6; 1,7; 2,5; 2,7; 3,6; 3,7; 4,5; 4,6; 5,7; 6,7
573: 1,4; 1,5; 1,6; 1,7; 2,5; 2,7; 3,6; 4,5; 4,6; 4,7; 5,7; 6,7
574: 1,4; 1,5; 1,6; 1,7; 2,5; 2,7; 3,6; 3,7; 4,5; 4,6; 4,7; 5,7; 6,7
575: 1,4; 1,5; 1,6; 1,7; 2,5; 2,6; 2,7; 3,6; 3,7; 4,5; 4,6; 4,7; 5,7
576: 1,4; 1,5; 1,6; 1,7; 2,5; 2,6; 2,7; 3,6; 3,7; 4,5; 4,6; 4,7; 6,7
577: 1,4; 1,5; 1,6; 1,7; 2,5; 2,6; 3,6; 3,7; 4,5; 4,6; 4,7; 5,7; 6,7
578: 1,4; 1,5; 1,6; 1,7; 2,5; 2,6; 2,7; 3,6; 3,7; 4,5; 4,6; 4,7; 5,7; 6,7
579: 1,4; 1,5; 1,6; 1,7; 2,5; 2,6; 2,7; 3,7; 4,5; 4,6; 4,7; 5,6; 5,7
580: 1,4; 1,5; 1,6; 1,7; 2,5; 2,6; 3,7; 4,5; 4,6; 4,7; 5,6; 5,7; 6,7
581: 1,4; 1,5; 1,6; 1,7; 2,5; 2,6; 2,7; 3,7; 4,5; 4,6; 4,7; 5,6; 5,7; 6,7
582: 1,4; 1,5; 1,6; 1,7; 2,5; 2,7; 3,6; 3,7; 4,5; 4,6; 4,7; 5,6; 5,7; 6,7
583: 1,4; 1,5; 1,6; 1,7; 2,5; 2,6; 2,7; 3,6; 3,7; 4,5; 4,6; 4,7; 5,6; 5,7; 6,7
584: 1,4; 1,5; 1,6; 1,7; 2,5; 2,6; 2,7; 3,5; 3,6; 3,7; 4,5; 4,6; 4,7; 5,7
585: 1,4; 1,5; 1,6; 1,7; 2,5; 2,6; 2,7; 3,5; 3,6; 3,7; 4,5; 4,6; 5,7; 6,7
586: 1,4; 1,5; 1,6; 1,7; 2,5; 2,6; 2,7; 3,5; 3,6; 4,5; 4,6; 4,7; 5,7; 6,7
587: 1,4; 1,5; 1,6; 1,7; 2,5; 2,6; 2,7; 3,5; 3,6; 3,7; 4,5; 4,6; 4,7; 5,7; 6,7
588: 1,4; 1,5; 1,6; 1,7; 2,5; 2,6; 2,7; 3,5; 3,6; 3,7; 4,5; 4,6; 4,7; 5,6; 5,7; 6,7
589: 1,4; 1,5; 1,6; 1,7; 2,4; 2,5; 2,6; 2,7; 3,6; 3,7; 4,6; 4,7; 5,7
590: 1,4; 1,5; 1,6; 1,7; 2,4; 2,5; 2,6; 2,7; 3,6; 3,7; 4,6; 4,7; 6,7
591: 1,4; 1,5; 1,6; 1,7; 2,4; 2,5; 2,6; 2,7; 3,6; 3,7; 4,6; 5,7; 6,7
592: 1,4; 1,5; 1,6; 1,7; 2,4; 2,5; 2,6; 2,7; 3,6; 4,6; 4,7; 5,7; 6,7
593: 1,4; 1,5; 1,6; 1,7; 2,4; 2,5; 2,6; 3,6; 3,7; 4,6; 4,7; 5,7; 6,7
594: 1,4; 1,5; 1,6; 1,7; 2,4; 2,5; 2,6; 2,7; 3,6; 3,7; 4,6; 4,7; 5,7; 6,7
595: 1,4; 1,5; 1,6; 1,7; 2,4; 2,5; 2,6; 2,7; 3,7; 4,6; 4,7; 5,6; 5,7
596: 1,4; 1,5; 1,6; 1,7; 2,4; 2,5; 2,6; 2,7; 3,7; 4,6; 4,7; 5,6; 5,7; 6,7
597: 1,4; 1,5; 1,6; 1,7; 2,4; 2,5; 2,6; 2,7; 3,6; 3,7; 4,6; 4,7; 5,6; 5,7
598: 1,4; 1,5; 1,6; 1,7; 2,4; 2,5; 2,6; 2,7; 3,6; 3,7; 4,6; 4,7; 5,6; 5,7; 6,7
599: 1,4; 1,5; 1,7; 2,4; 2,6; 2,7; 3,5; 3,6; 3,7
600: 1,4; 1,5; 1,7; 2,4; 2,6; 2,7; 3,5; 3,6; 4,7
601: 1,4; 1,5; 1,7; 2,4; 2,6; 3,5; 3,6; 3,7; 4,7
602: 1,4; 1,5; 1,7; 2,4; 2,6; 2,7; 3,5; 3,6; 3,7; 4,7
603: 1,4; 1,5; 1,7; 2,4; 2,6; 2,7; 3,5; 3,6; 4,7; 5,7
604: 1,4; 1,5; 2,4; 2,6; 2,7; 3,5; 3,6; 3,7; 4,7; 5,7
605: 1,4; 1,5; 1,7; 2,4; 2,6; 2,7; 3,5; 3,6; 3,7; 4,7; 5,7
606: 1,4; 1,5; 1,7; 2,4; 2,6; 2,7; 3,5; 3,6; 3,7; 4,7; 5,7; 6,7
607: 1,4; 1,5; 1,6; 1,7; 2,4; 2,6; 2,7; 3,5; 3,6; 3,7; 4,7
608: 1,4; 1,5; 1,6; 1,7; 2,4; 2,6; 2,7; 3,5; 3,6; 4,7; 5,7
609: 1,4; 1,5; 1,6; 2,4; 2,6; 2,7; 3,5; 3,6; 3,7; 4,7; 5,7
610: 1,4; 1,5; 1,6; 1,7; 2,4; 2,6; 2,7; 3,5; 3,6; 3,7; 6,7
611: 1,4; 1,5; 1,6; 1,7; 2,4; 2,6; 2,7; 3,5; 3,6; 4,7; 6,7
612: 1,4; 1,5; 1,6; 1,7; 2,4; 2,6; 3,5; 3,6; 3,7; 4,7; 6,7
613: 1,4; 1,5; 1,6; 1,7; 2,4; 2,6; 2,7; 3,5; 3,6; 3,7; 4,7; 5,7
614: 1,4; 1,5; 1,6; 1,7; 2,4; 2,6; 2,7; 3,5; 3,6; 3,7; 4,7; 6,7
615: 1,4; 1,5; 1,6; 1,7; 2,4; 2,6; 2,7; 3,5; 3,6; 3,7; 4,7; 5,7; 6,7
616: 1,4; 1,5; 1,6; 2,4; 2,7; 3,5; 3,6; 3,7; 4,6; 4,7; 5,7
617: 1,4; 1,5; 1,6; 1,7; 2,4; 3,5; 3,6; 3,7; 4,6; 5,7; 6,7
618: 1,4; 1,5; 1,6; 1,7; 2,4; 2,7; 3,5; 3,6; 3,7; 4,6; 4,7; 5,7
619: 1,4; 1,5; 1,6; 1,7; 2,4; 2,7; 3,5; 3,6; 3,7; 4,6; 4,7; 6,7
620: 1,4; 1,5; 1,6; 1,7; 2,4; 2,7; 3,5; 3,6; 3,7; 4,6; 5,7; 6,7
621: 1,4; 1,5; 1,6; 1,7; 2,4; 3,5; 3,6; 3,7; 4,6; 4,7; 5,7; 6,7
622: 1,4; 1,5; 1,6; 1,7; 2,4; 2,7; 3,5; 3,6; 3,7; 4,6; 4,7; 5,7; 6,7
623: 1,4; 1,5; 1,7; 2,4; 2,6; 2,7; 3,5; 3,6; 3,7; 4,6
624: 1,4; 1,5; 1,7; 2,4; 2,6; 2,7; 3,5; 3,6; 4,6; 5,7
625: 1,4; 1,5; 1,7; 2,4; 2,6; 2,7; 3,5; 3,6; 3,7; 4,6; 5,7
626: 1,4; 1,5; 1,7; 2,4; 2,6; 2,7; 3,5; 3,6; 4,6; 4,7; 5,7
627: 1,4; 1,5; 1,7; 2,4; 2,6; 3,5; 3,6; 3,7; 4,6; 4,7; 5,7
628: 1,4; 1,5; 2,4; 2,6; 2,7; 3,5; 3,6; 3,7; 4,6; 4,7; 5,7
629: 1,4; 1,5; 1,7; 2,4; 2,6; 3,5; 3,6; 3,7; 4,6; 4,7; 6,7
630: 1,4; 1,5; 1,7; 2,4; 2,6; 2,7; 3,5; 3,6; 3,7; 4,6; 4,7; 5,7
631: 1,4; 1,5; 1,7; 2,4; 2,6; 2,7; 3,5; 3,6; 3,7; 4,6; 4,7; 6,7
632: 1,4; 1,5; 1,7; 2,4; 2,6; 2,7; 3,5; 3,6; 4,6; 4,7; 5,7; 6,7
633: 1,4; 1,5; 1,7; 2,4; 2,6; 3,5; 3,6; 3,7; 4,6; 4,7; 5,7; 6,7
634: 1,4; 1,5; 1,7; 2,4; 2,6; 2,7; 3,5; 3,6; 3,7; 4,6; 4,7; 5,7; 6,7
635: 1,4; 1,5; 1,6; 1,7; 2,4; 2,6; 2,7; 3,5; 3,6; 3,7; 4,6; 4,7; 5,7
636: 1,4; 1,5; 1,6; 1,7; 2,4; 2,6; 2,7; 3,5; 3,6; 3,7; 4,6; 4,7; 6,7
637: 1,4; 1,5; 1,6; 1,7; 2,4; 2,6; 2,7; 3,5; 3,6; 3,7; 4,6; 5,7; 6,7
638: 1,4; 1,5; 1,6; 1,7; 2,4; 2,6; 2,7; 3,5; 3,6; 4,6; 4,7; 5,7; 6,7
639: 1,4; 1,5; 1,6; 1,7; 2,4; 2,6; 3,5; 3,6; 3,7; 4,6; 4,7; 5,7; 6,7
640: 1,4; 1,5; 1,6; 2,4; 2,6; 2,7; 3,5; 3,6; 3,7; 4,6; 4,7; 5,7; 6,7
641: 1,4; 1,5; 1,6; 1,7; 2,4; 2,6; 2,7; 3,5; 3,6; 3,7; 4,6; 4,7; 5,7; 6,7
642: 1,4; 1,5; 1,6; 1,7; 2,4; 2,6; 2,7; 3,5; 3,7; 4,6; 4,7; 5,6; 5,7
643: 1,4; 1,5; 1,6; 1,7; 2,4; 2,6; 2,7; 3,5; 4,6; 4,7; 5,6; 5,7; 6,7
644: 1,4; 1,5; 1,6; 1,7; 2,4; 2,6; 3,5; 3,7; 4,6; 4,7; 5,6; 5,7; 6,7
645: 1,4; 1,5; 1,6; 1,7; 2,4; 2,6; 2,7; 3,5; 3,7; 4,6; 4,7; 5,6; 5,7; 6,7
646: 1,4; 1,5; 1,7; 2,4; 2,6; 2,7; 3,5; 3,6; 4,6; 4,7; 5,6; 5,7
647: 1,4; 1,5; 2,4; 2,6; 2,7; 3,5; 3,6; 3,7; 4,6; 4,7; 5,6; 5,7
648: 1,4; 1,5; 1,7; 2,4; 2,6; 2,7; 3,5; 3,6; 3,7; 4,6; 4,7; 5,6; 5,7
649: 1,4; 1,5; 1,7; 2,4; 2,6; 2,7; 3,5; 3,6; 4,6; 4,7; 5,6; 5,7; 6,7
650: 1,4; 1,5; 2,4; 2,6; 2,7; 3,5; 3,6; 3,7; 4,6; 4,7; 5,6; 5,7; 6,7
651: 1,4; 1,5; 1,7; 2,4; 2,6; 2,7; 3,5; 3,6; 3,7; 4,6; 4,7; 5,6; 5,7; 6,7
652: 1,4; 1,5; 1,6; 1,7; 2,4; 2,6; 2,7; 3,5; 3,6; 3,7; 4,6; 4,7; 5,6; 5,7
653: 1,4; 1,5; 1,6; 1,7; 2,4; 2,6; 2,7; 3,5; 3,6; 3,7; 4,6; 4,7; 5,6; 5,7; 6,7
654: 1,4; 1,5; 1,6; 1,7; 2,4; 2,5; 2,6; 2,7; 3,5; 3,6; 3,7; 4,7
655: 1,4; 1,5; 1,6; 1,7; 2,4; 2,5; 2,6; 2,7; 3,5; 3,6; 3,7; 5,7
656: 1,4; 1,5; 1,6; 1,7; 2,4; 2,5; 2,6; 2,7; 3,5; 3,6; 5,7; 6,7
657: 1,4; 1,5; 1,6; 1,7; 2,4; 2,5; 2,6; 2,7; 3,5; 3,6; 3,7; 4,7; 5,7
658: 1,4; 1,5; 1,6; 1,7; 2,4; 2,5; 2,6; 2,7; 3,5; 3,6; 3,7; 5,7; 6,7
659: 1,4; 1,5; 1,6; 1,7; 2,4; 2,5; 2,6; 2,7; 3,5; 3,6; 3,7; 4,7; 5,7; 6,7
660: 1,4; 1,5; 1,6; 1,7; 2,4; 2,5; 2,6; 2,7; 3,5; 3,7; 4,6; 4,7
661: 1,4; 1,5; 1,6; 1,7; 2,4; 2,5; 2,6; 2,7; 3,5; 3,7; 4,6; 5,7
662: 1,4; 1,5; 1,6; 1,7; 2,4; 2,5; 2,6; 2,7; 3,5; 4,6; 4,7; 5,7
663: 1,4; 1,5; 1,6; 1,7; 2,4; 2,5; 2,6; 2,7; 3,5; 4,6; 4,7; 6,7
664: 1,4; 1,5; 1,6; 1,7; 2,4; 2,5; 2,6; 3,5; 3,7; 4,6; 4,7; 6,7
665: 1,4; 1,5; 1,6; 1,7; 2,4; 2,5; 2,6; 3,5; 4,6; 4,7; 5,7; 6,7
666: 1,4; 1,5; 1,6; 2,4; 2,5; 2,6; 3,5; 3,7; 4,6; 4,7; 5,7; 6,7
667: 1,4; 1,5; 1,6; 1,7; 2,4; 2,5; 2,6; 2,7; 3,5; 3,7; 4,6; 4,7; 5,7
668: 1,4; 1,5; 1,6; 1,7; 2,4; 2,5; 2,6; 2,7; 3,5; 3,7; 4,6; 4,7; 6,7
669: 1,4; 1,5; 1,6; 1,7; 2,4; 2,5; 2,6; 2,7; 3,5; 4,6; 4,7; 5,7; 6,7
670: 1,4; 1,5; 1,6; 1,7; 2,4; 2,5; 2,6; 3,5; 3,7; 4,6; 4,7; 5,7; 6,7
671: 1,4; 1,5; 1,6; 1,7; 2,4; 2,5; 2,6; 2,7; 3,5; 3,7; 4,6; 4,7; 5,7; 6,7
672: 1,4; 1,5; 1,6; 1,7; 2,4; 2,5; 2,6; 2,7; 3,5; 3,6; 3,7; 4,6; 5,7
673: 1,4; 1,5; 1,6; 1,7; 2,4; 2,5; 2,6; 2,7; 3,5; 3,6; 3,7; 4,6; 4,7; 5,7
674: 1,4; 1,5; 1,6; 1,7; 2,4; 2,5; 2,6; 2,7; 3,5; 3,6; 3,7; 4,6; 4,7; 6,7
675: 1,4; 1,5; 1,6; 1,7; 2,4; 2,5; 2,6; 2,7; 3,5; 3,6; 3,7; 4,6; 4,7; 5,7; 6,7
676: 1,4; 1,5; 1,6; 1,7; 2,4; 2,5; 2,6; 2,7; 3,5; 3,6; 3,7; 4,7; 5,6; 5,7
677: 1,4; 1,5; 1,6; 1,7; 2,4; 2,5; 2,6; 2,7; 3,5; 3,6; 3,7; 5,6; 5,7; 6,7
678: 1,4; 1,5; 1,6; 1,7; 2,4; 2,5; 2,6; 2,7; 3,5; 3,6; 3,7; 4,7; 5,6; 5,7; 6,7
679: 1,4; 1,5; 1,6; 1,7; 2,4; 2,5; 2,6; 2,7; 3,5; 3,6; 3,7; 4,6; 4,7; 5,6; 5,7; 6,7
680: 1,4; 1,5; 1,6; 1,7; 2,4; 2,5; 2,6; 2,7; 3,6; 3,7; 4,5; 4,6; 4,7; 5,7
681: 1,4; 1,5; 1,6; 1,7; 2,4; 2,5; 2,6; 2,7; 3,6; 3,7; 4,5; 4,6; 4,7; 6,7
682: 1,4; 1,5; 1,6; 1,7; 2,4; 2,5; 2,6; 2,7; 3,6; 3,7; 4,5; 4,6; 5,7; 6,7
683: 1,4; 1,5; 1,6; 1,7; 2,4; 2,5; 2,6; 2,7; 3,6; 3,7; 4,5; 4,6; 4,7; 5,7; 6,7
684: 1,4; 1,5; 1,6; 1,7; 2,4; 2,5; 2,6; 2,7; 3,7; 4,5; 4,6; 4,7; 5,6; 5,7
685: 1,4; 1,5; 1,6; 1,7; 2,4; 2,5; 2,6; 3,7; 4,5; 4,6; 4,7; 5,6; 5,7; 6,7
686: 1,4; 1,5; 1,6; 1,7; 2,4; 2,5; 2,6; 2,7; 3,7; 4,5; 4,6; 4,7; 5,6; 5,7; 6,7
687: 1,4; 1,5; 1,6; 1,7; 2,4; 2,5; 2,7; 3,6; 3,7; 4,5; 4,6; 4,7; 5,6; 5,7
688: 1,4; 1,5; 1,6; 1,7; 2,4; 2,5; 2,7; 3,6; 3,7; 4,5; 4,6; 4,7; 5,6; 6,7
689: 1,4; 1,5; 1,6; 1,7; 2,4; 2,5; 3,6; 3,7; 4,5; 4,6; 4,7; 5,6; 5,7; 6,7
690: 1,4; 1,5; 1,6; 1,7; 2,4; 2,5; 2,7; 3,6; 3,7; 4,5; 4,6; 4,7; 5,6; 5,7; 6,7
691: 1,4; 1,5; 1,6; 1,7; 2,4; 2,5; 2,6; 2,7; 3,6; 3,7; 4,5; 4,6; 4,7; 5,6; 5,7; 6,7
692: 1,4; 1,5; 1,6; 1,7; 2,4; 2,6; 2,7; 3,5; 3,6; 3,7; 4,5; 4,7
693: 1,4; 1,5; 1,6; 2,4; 2,6; 2,7; 3,5; 3,6; 3,7; 4,5; 4,7; 5,7
694: 1,4; 1,5; 1,6; 1,7; 2,4; 2,6; 3,5; 3,6; 3,7; 4,5; 4,7; 6,7
695: 1,4; 1,5; 1,6; 2,4; 2,6; 2,7; 3,5; 3,6; 3,7; 4,5; 4,7; 6,7
696: 1,4; 1,5; 1,6; 1,7; 2,4; 2,6; 3,5; 3,6; 4,5; 4,7; 5,7; 6,7
697: 1,4; 1,5; 1,6; 2,4; 2,6; 2,7; 3,5; 3,6; 4,5; 4,7; 5,7; 6,7
698: 1,4; 1,5; 1,6; 1,7; 2,4; 2,6; 2,7; 3,5; 3,6; 3,7; 4,5; 4,7; 5,7
699: 1,4; 1,5; 1,6; 1,7; 2,4; 2,6; 2,7; 3,5; 3,6; 3,7; 4,5; 4,7; 6,7
700: 1,4; 1,5; 1,6; 1,7; 2,4; 2,6; 2,7; 3,5; 3,6; 4,5; 4,7; 5,7; 6,7
701: 1,4; 1,5; 1,6; 2,4; 2,6; 2,7; 3,5; 3,6; 3,7; 4,5; 4,7; 5,7; 6,7
702: 1,4; 1,5; 1,6; 1,7; 2,4; 2,6; 2,7; 3,5; 3,6; 3,7; 4,5; 4,7; 5,7; 6,7
703: 1,4; 1,5; 1,6; 1,7; 2,4; 2,6; 2,7; 3,5; 3,6; 3,7; 4,5; 4,6; 4,7; 5,7
704: 1,4; 1,5; 1,6; 1,7; 2,4; 2,6; 2,7; 3,5; 3,6; 3,7; 4,5; 4,6; 4,7; 6,7
705: 1,4; 1,5; 1,6; 1,7; 2,4; 2,6; 2,7; 3,5; 3,6; 3,7; 4,5; 4,6; 5,7; 6,7
706: 1,4; 1,5; 1,6; 1,7; 2,4; 2,6; 2,7; 3,5; 3,6; 3,7; 4,5; 4,6; 4,7; 5,7; 6,7
707: 1,4; 1,5; 1,7; 2,4; 2,6; 2,7; 3,5; 3,6; 3,7; 4,5; 4,6; 4,7; 5,6; 5,7
708: 1,4; 1,5; 1,7; 2,4; 2,6; 2,7; 3,5; 3,6; 4,5; 4,6; 4,7; 5,6; 5,7; 6,7
709: 1,4; 1,5; 1,7; 2,4; 2,6; 2,7; 3,5; 3,6; 3,7; 4,5; 4,6; 4,7; 5,6; 5,7; 6,7
710: 1,4; 1,5; 1,6; 1,7; 2,4; 2,6; 2,7; 3,5; 3,6; 3,7; 4,5; 4,6; 4,7; 5,6; 5,7; 6,7
711: 1,4; 1,5; 1,6; 1,7; 2,4; 2,5; 2,6; 2,7; 3,5; 3,6; 3,7; 4,5; 4,6; 4,7; 5,7
712: 1,4; 1,5; 1,6; 1,7; 2,4; 2,5; 2,6; 2,7; 3,5; 3,6; 3,7; 4,5; 4,6; 5,7; 6,7
713: 1,4; 1,5; 1,6; 1,7; 2,4; 2,5; 2,6; 2,7; 3,5; 3,6; 4,5; 4,6; 4,7; 5,7; 6,7
714: 1,4; 1,5; 1,6; 1,7; 2,4; 2,5; 2,6; 3,5; 3,6; 3,7; 4,5; 4,6; 4,7; 5,7; 6,7
715: 1,4; 1,5; 1,6; 1,7; 2,4; 2,5; 2,6; 2,7; 3,5; 3,6; 3,7; 4,5; 4,6; 4,7; 5,7; 6,7
716: 1,4; 1,5; 1,6; 1,7; 2,4; 2,5; 2,6; 2,7; 3,5; 3,6; 3,7; 4,5; 4,6; 4,7; 5,6; 5,7; 6,7
717: 1,4; 1,5; 1,6; 1,7; 2,4; 2,5; 2,6; 2,7; 3,4; 3,5; 3,6; 3,7; 4,7
718: 1,4; 1,5; 1,6; 1,7; 2,4; 2,5; 2,6; 2,7; 3,4; 3,5; 3,6; 4,7; 5,7
719: 1,4; 1,5; 1,6; 1,7; 2,4; 2,5; 2,6; 2,7; 3,4; 3,5; 3,6; 3,7; 4,7; 5,7
720: 1,4; 1,5; 1,6; 1,7; 2,4; 2,5; 2,6; 2,7; 3,4; 3,5; 3,6; 3,7; 4,7; 5,7; 6,7
721: 1,4; 1,5; 1,6; 1,7; 2,4; 2,5; 2,6; 2,7; 3,4; 3,5; 3,6; 3,7; 4,6; 5,7
722: 1,4; 1,5; 1,6; 1,7; 2,4; 2,5; 2,6; 2,7; 3,4; 3,5; 3,6; 3,7; 4,6; 4,7; 5,7
723: 1,4; 1,5; 1,6; 1,7; 2,4; 2,5; 2,6; 2,7; 3,4; 3,5; 3,6; 3,7; 4,6; 4,7; 6,7
724: 1,4; 1,5; 1,6; 1,7; 2,4; 2,5; 2,6; 2,7; 3,4; 3,5; 3,6; 3,7; 4,6; 4,7; 5,7; 6,7
725: 1,4; 1,5; 1,6; 1,7; 2,4; 2,5; 2,6; 2,7; 3,4; 3,5; 3,6; 3,7; 4,6; 4,7; 5,6; 5,7
726: 1,4; 1,5; 1,6; 1,7; 2,4; 2,5; 2,6; 2,7; 3,4; 3,5; 3,6; 3,7; 4,6; 4,7; 5,6; 5,7; 6,7
727: 1,4; 1,5; 1,6; 1,7; 2,4; 2,5; 2,6; 2,7; 3,4; 3,5; 3,6; 3,7; 4,5; 4,6; 4,7; 5,6; 5,7; 6,7
728: 1,3; 1,5; 1,7; 2,4; 2,6; 2,7; 3,5; 3,7; 4,6
729: 1,3; 1,5; 1,7; 2,4; 2,6; 2,7; 3,5; 3,7; 4,6; 4,7
730: 1,3; 1,5; 1,7; 2,4; 2,6; 2,7; 3,5; 3,7; 4,6; 5,7
731: 1,3; 1,5; 1,7; 2,4; 2,6; 2,7; 3,5; 3,7; 4,6; 4,7; 5,7
732: 1,3; 1,5; 1,7; 2,4; 2,6; 2,7; 3,5; 3,7; 4,6; 4,7; 5,7; 6,7
733: 1,3; 1,5; 1,6; 1,7; 2,4; 2,6; 3,5; 3,6; 3,7; 4,7; 5,7
734: 1,3; 1,5; 1,6; 1,7; 2,4; 2,6; 2,7; 3,5; 3,6; 3,7; 6,7
735: 1,3; 1,5; 1,6; 1,7; 2,4; 2,6; 3,5; 3,6; 3,7; 4,7; 6,7
736: 1,3; 1,5; 1,6; 1,7; 2,4; 2,6; 2,7; 3,5; 3,6; 3,7; 4,7; 5,7
737: 1,3; 1,5; 1,6; 1,7; 2,4; 2,6; 2,7; 3,5; 3,6; 3,7; 4,7; 6,7
738: 1,3; 1,5; 1,6; 1,7; 2,4; 2,6; 2,7; 3,5; 3,6; 3,7; 5,7; 6,7
739: 1,3; 1,5; 1,6; 1,7; 2,4; 2,6; 2,7; 3,5; 3,6; 4,7; 5,7; 6,7
740: 1,3; 1,5; 1,6; 1,7; 2,4; 2,6; 3,5; 3,6; 3,7; 4,7; 5,7; 6,7
741: 1,3; 1,5; 1,6; 1,7; 2,4; 2,6; 2,7; 3,5; 3,6; 3,7; 4,7; 5,7; 6,7
742: 1,3; 1,5; 1,6; 2,4; 2,6; 2,7; 3,5; 3,7; 4,6; 4,7
743: 1,3; 1,5; 1,6; 1,7; 2,4; 2,6; 2,7; 3,5; 3,7; 4,6; 4,7
744: 1,3; 1,5; 1,6; 1,7; 2,4; 2,6; 2,7; 3,5; 3,7; 4,6; 5,7
745: 1,3; 1,5; 1,6; 2,4; 2,6; 2,7; 3,5; 3,7; 4,6; 4,7; 5,7
746: 1,3; 1,5; 1,6; 1,7; 2,4; 2,6; 2,7; 3,5; 3,7; 4,6; 6,7
747: 1,3; 1,5; 1,6; 1,7; 2,4; 2,6; 2,7; 3,5; 4,6; 4,7; 6,7
748: 1,3; 1,5; 1,6; 1,7; 2,4; 2,6; 2,7; 3,5; 3,7; 4,6; 4,7; 5,7
749: 1,3; 1,5; 1,6; 1,7; 2,4; 2,6; 2,7; 3,5; 3,7; 4,6; 4,7; 6,7
750: 1,3; 1,5; 1,6; 1,7; 2,4; 2,6; 2,7; 3,5; 3,7; 4,6; 4,7; 5,7; 6,7
751: 1,3; 1,5; 1,6; 1,7; 2,4; 2,7; 3,5; 3,6; 3,7; 5,6; 5,7
752: 1,3; 1,5; 1,6; 1,7; 2,4; 2,7; 3,5; 3,6; 3,7; 4,7; 5,6; 5,7
753: 1,3; 1,5; 1,6; 1,7; 2,4; 2,7; 3,5; 3,6; 3,7; 5,6; 5,7; 6,7
754: 1,3; 1,5; 1,6; 1,7; 2,4; 2,7; 3,5; 3,6; 3,7; 4,7; 5,6; 5,7; 6,7
755: 1,3; 1,5; 1,6; 1,7; 2,4; 2,6; 2,7; 3,5; 3,6; 3,7; 4,6; 4,7; 5,7
756: 1,3; 1,5; 1,6; 1,7; 2,4; 2,6; 2,7; 3,5; 3,6; 3,7; 4,6; 4,7; 6,7
757: 1,3; 1,5; 1,6; 1,7; 2,4; 2,6; 2,7; 3,5; 3,6; 3,7; 4,6; 5,7; 6,7
758: 1,3; 1,5; 1,6; 1,7; 2,4; 2,6; 2,7; 3,5; 3,6; 4,6; 4,7; 5,7; 6,7
759: 1,3; 1,5; 1,6; 1,7; 2,4; 2,6; 2,7; 3,5; 3,6; 3,7; 4,6; 4,7; 5,7; 6,7
760: 1,3; 1,5; 1,6; 1,7; 2,4; 2,6; 2,7; 3,5; 3,6; 3,7; 4,7; 5,6; 5,7
761: 1,3; 1,5; 1,6; 1,7; 2,4; 2,6; 2,7; 3,5; 3,6; 3,7; 5,6; 5,7; 6,7
762: 1,3; 1,5; 1,6; 1,7; 2,4; 2,6; 3,5; 3,6; 3,7; 4,7; 5,6; 5,7; 6,7
763: 1,3; 1,5; 1,6; 1,7; 2,4; 2,6; 2,7; 3,5; 3,6; 3,7; 4,7; 5,6; 5,7; 6,7
764: 1,3; 1,5; 1,6; 1,7; 2,4; 2,6; 2,7; 3,5; 3,6; 3,7; 4,6; 4,7; 5,6; 5,7
765: 1,3; 1,5; 1,6; 1,7; 2,4; 2,6; 2,7; 3,5; 3,6; 3,7; 4,6; 4,7; 5,6; 5,7; 6,7
766: 1,3; 1,5; 1,6; 1,7; 2,4; 2,5; 2,6; 2,7; 3,5; 3,7; 4,6; 4,7
767: 1,3; 1,5; 1,6; 1,7; 2,4; 2,5; 2,6; 2,7; 3,5; 3,7; 4,6; 5,7
768: 1,3; 1,5; 1,6; 1,7; 2,4; 2,5; 2,6; 2,7; 3,5; 4,6; 4,7; 5,7
769: 1,3; 1,5; 1,6; 1,7; 2,4; 2,5; 2,6; 3,5; 3,7; 4,6; 4,7; 5,7
770: 1,3; 1,5; 1,6; 1,7; 2,4; 2,5; 2,6; 2,7; 3,5; 4,6; 5,7; 6,7
771: 1,3; 1,5; 1,6; 1,7; 2,4; 2,5; 2,6; 2,7; 3,5; 3,7; 4,6; 4,7; 5,7
772: 1,3; 1,5; 1,6; 1,7; 2,4; 2,5; 2,6; 2,7; 3,5; 3,7; 4,6; 5,7; 6,7
773: 1,3; 1,5; 1,6; 1,7; 2,4; 2,5; 2,6; 2,7; 3,5; 3,7; 4,6; 4,7; 5,7; 6,7
774: 1,3; 1,5; 1,6; 1,7; 2,4; 2,5; 2,7; 3,5; 3,6; 3,7; 4,6; 4,7
775: 1,3; 1,5; 1,6; 1,7; 2,4; 2,5; 2,7; 3,5; 3,6; 3,7; 4,6; 5,7
776: 1,3; 1,5; 1,6; 1,7; 2,4; 2,5; 2,7; 3,5; 3,6; 4,6; 4,7; 5,7
777: 1,3; 1,5; 1,6; 1,7; 2,4; 2,5; 2,7; 3,5; 3,6; 4,6; 5,7; 6,7
778: 1,3; 1,5; 1,6; 1,7; 2,4; 2,5; 3,5; 3,6; 3,7; 4,6; 5,7; 6,7
779: 1,3; 1,5; 1,6; 2,4; 2,5; 2,7; 3,5; 3,6; 4,6; 4,7; 5,7; 6,7
780: 1,3; 1,5; 1,6; 1,7; 2,4; 2,5; 2,7; 3,5; 3,6; 3,7; 4,6; 4,7; 5,7
781: 1,3; 1,5; 1,6; 1,7; 2,4; 2,5; 2,7; 3,5; 3,6; 3,7; 4,6; 5,7; 6,7
782: 1,3; 1,5; 1,6; 1,7; 2,4; 2,5; 2,7; 3,5; 3,6; 4,6; 4,7; 5,7; 6,7
783: 1,3; 1,5; 1,6; 1,7; 2,4; 2,5; 2,7; 3,5; 3,6; 3,7; 4,6; 4,7; 5,7; 6,7
784: 1,3; 1,5; 1,6; 1,7; 2,4; 2,5; 2,6; 2,7; 3,5; 3,6; 3,7; 4,6; 5,7
785: 1,3; 1,5; 1,6; 1,7; 2,4; 2,5; 2,6; 2,7; 3,5; 3,6; 4,6; 4,7; 5,7
786: 1,3; 1,5; 1,6; 1,7; 2,4; 2,5; 2,6; 2,7; 3,5; 3,6; 3,7; 4,6; 4,7; 5,7
787: 1,3; 1,5; 1,6; 1,7; 2,4; 2,5; 2,6; 2,7; 3,5; 3,6; 3,7; 4,6; 4,7; 6,7
788: 1,3; 1,5; 1,6; 1,7; 2,4; 2,5; 2,6; 2,7; 3,5; 3,6; 3,7; 4,6; 4,7; 5,7; 6,7
789: 1,3; 1,5; 1,6; 1,7; 2,4; 2,5; 2,6; 2,7; 3,5; 3,6; 3,7; 4,7; 5,6; 5,7
790: 1,3; 1,5; 1,6; 1,7; 2,4; 2,5; 2,6; 2,7; 3,5; 3,6; 3,7; 5,6; 5,7; 6,7
791: 1,3; 1,5; 1,6; 1,7; 2,4; 2,5; 2,6; 2,7; 3,5; 3,6; 4,7; 5,6; 5,7; 6,7
792: 1,3; 1,5; 1,6; 1,7; 2,4; 2,5; 2,6; 3,5; 3,6; 3,7; 4,7; 5,6; 5,7; 6,7
793: 1,3; 1,5; 1,6; 1,7; 2,4; 2,5; 2,6; 2,7; 3,5; 3,6; 3,7; 4,7; 5,6; 5,7; 6,7
794: 1,3; 1,5; 1,6; 1,7; 2,4; 2,5; 2,6; 2,7; 3,5; 3,7; 4,6; 4,7; 5,6; 5,7
795: 1,3; 1,5; 1,6; 1,7; 2,4; 2,5; 2,6; 2,7; 3,5; 3,7; 4,6; 4,7; 5,6; 5,7; 6,7
796: 1,3; 1,5; 1,6; 1,7; 2,4; 2,5; 2,7; 3,5; 3,6; 3,7; 4,6; 4,7; 5,6; 5,7
797: 1,3; 1,5; 1,6; 1,7; 2,4; 2,5; 2,7; 3,5; 3,6; 4,6; 4,7; 5,6; 5,7; 6,7
798: 1,3; 1,5; 1,6; 1,7; 2,4; 2,5; 2,7; 3,5; 3,6; 3,7; 4,6; 4,7; 5,6; 5,7; 6,7
799: 1,3; 1,5; 1,6; 1,7; 2,4; 2,5; 2,6; 2,7; 3,5; 3,6; 3,7; 4,6; 4,7; 5,6; 5,7; 6,7
800: 1,3; 1,5; 1,6; 1,7; 2,4; 2,5; 2,6; 2,7; 3,5; 3,6; 3,7; 4,5; 4,6; 4,7; 5,7
801: 1,3; 1,5; 1,6; 1,7; 2,4; 2,5; 2,6; 2,7; 3,5; 3,6; 3,7; 4,5; 4,6; 5,7; 6,7
802: 1,3; 1,5; 1,6; 1,7; 2,4; 2,5; 2,6; 2,7; 3,5; 3,6; 3,7; 4,5; 4,6; 4,7; 5,7; 6,7
803: 1,3; 1,5; 1,6; 1,7; 2,4; 2,5; 2,6; 2,7; 3,5; 3,6; 3,7; 4,5; 4,6; 4,7; 5,6; 5,7; 6,7
804: 1,3; 1,4; 1,6; 1,7; 2,4; 2,5; 2,6; 2,7; 3,5; 3,6; 3,7; 4,6; 4,7
805: 1,3; 1,4; 1,6; 1,7; 2,4; 2,5; 2,6; 2,7; 3,5; 3,6; 3,7; 4,6; 4,7; 5,7
806: 1,3; 1,4; 1,6; 1,7; 2,4; 2,5; 2,6; 2,7; 3,5; 3,6; 3,7; 4,6; 4,7; 6,7
807: 1,3; 1,4; 1,6; 1,7; 2,4; 2,5; 2,6; 2,7; 3,5; 3,6; 3,7; 4,6; 5,7; 6,7
808: 1,3; 1,4; 1,6; 1,7; 2,4; 2,5; 2,6; 2,7; 3,5; 3,6; 4,6; 4,7; 5,7; 6,7
809: 1,3; 1,4; 1,6; 1,7; 2,4; 2,5; 2,6; 2,7; 3,5; 3,6; 3,7; 4,6; 4,7; 5,7; 6,7
810: 1,3; 1,4; 1,6; 1,7; 2,4; 2,5; 2,6; 2,7; 3,5; 3,6; 3,7; 4,6; 4,7; 5,6; 5,7
811: 1,3; 1,4; 1,6; 1,7; 2,4; 2,5; 2,6; 2,7; 3,5; 3,6; 3,7; 4,6; 4,7; 5,6; 5,7; 6,7
812: 1,3; 1,4; 1,5; 1,7; 2,4; 2,5; 2,6; 2,7; 3,5; 3,6; 3,7; 4,6; 4,7
813: 1,3; 1,4; 1,5; 1,7; 2,4; 2,5; 2,6; 2,7; 3,5; 3,6; 3,7; 4,6; 5,7
814: 1,3; 1,4; 1,5; 1,7; 2,4; 2,5; 2,6; 2,7; 3,5; 3,6; 4,6; 4,7; 5,7
815: 1,3; 1,4; 1,5; 1,7; 2,4; 2,5; 2,6; 2,7; 3,5; 3,6; 3,7; 4,6; 4,7; 5,7
816: 1,3; 1,4; 1,5; 1,7; 2,4; 2,5; 2,6; 2,7; 3,5; 3,6; 3,7; 4,6; 4,7; 5,7; 6,7
817: 1,3; 1,4; 1,5; 1,6; 2,4; 2,5; 2,6; 2,7; 3,5; 3,6; 3,7; 4,6; 4,7; 5,7
818: 1,3; 1,4; 1,5; 1,6; 1,7; 2,4; 2,5; 2,6; 2,7; 3,5; 3,6; 3,7; 4,6; 4,7; 5,7
819: 1,3; 1,4; 1,5; 1,6; 1,7; 2,4; 2,5; 2,6; 2,7; 3,5; 3,6; 3,7; 4,6; 5,7; 6,7
820: 1,3; 1,4; 1,5; 1,6; 1,7; 2,4; 2,5; 2,6; 2,7; 3,5; 3,6; 3,7; 4,6; 4,7; 5,7; 6,7
821: 1,3; 1,4; 1,5; 1,6; 1,7; 2,4; 2,5; 2,6; 2,7; 3,5; 3,7; 4,6; 4,7; 5,6; 5,7
822: 1,3; 1,4; 1,5; 1,6; 1,7; 2,4; 2,5; 2,6; 2,7; 3,5; 4,6; 4,7; 5,6; 5,7; 6,7
823: 1,3; 1,4; 1,5; 1,6; 1,7; 2,4; 2,5; 2,6; 2,7; 3,5; 3,7; 4,6; 4,7; 5,6; 5,7; 6,7
824: 1,3; 1,4; 1,5; 1,6; 1,7; 2,4; 2,5; 2,6; 2,7; 3,5; 3,6; 3,7; 4,6; 4,7; 5,6; 5,7; 6,7
825: 1,3; 1,4; 1,5; 1,6; 1,7; 2,4; 2,5; 2,6; 2,7; 3,5; 3,6; 3,7; 4,5; 4,6; 4,7; 5,7
826: 1,3; 1,4; 1,5; 1,6; 1,7; 2,4; 2,5; 2,6; 2,7; 3,5; 3,6; 3,7; 4,5; 4,6; 5,7; 6,7
827: 1,3; 1,4; 1,5; 1,6; 1,7; 2,4; 2,5; 2,6; 2,7; 3,5; 3,6; 3,7; 4,5; 4,6; 4,7; 5,7; 6,7
828: 1,3; 1,4; 1,5; 1,6; 1,7; 2,4; 2,5; 2,6; 2,7; 3,5; 3,6; 3,7; 4,5; 4,6; 4,7; 5,6; 5,7; 6,7
829: 1,3; 1,4; 1,5; 1,6; 1,7; 2,5; 2,6; 2,7; 3,4; 3,5; 3,6; 3,7; 4,6; 4,7; 5,7
830: 1,3; 1,4; 1,5; 1,6; 1,7; 2,5; 2,6; 2,7; 3,4; 3,5; 3,6; 3,7; 4,6; 4,7; 6,7
831: 1,3; 1,4; 1,5; 1,6; 1,7; 2,5; 2,6; 2,7; 3,4; 3,5; 3,6; 3,7; 4,6; 5,7; 6,7
832: 1,3; 1,4; 1,5; 1,6; 1,7; 2,5; 2,6; 2,7; 3,4; 3,5; 3,6; 3,7; 4,6; 4,7; 5,7; 6,7
833: 1,3; 1,4; 1,5; 1,6; 1,7; 2,5; 2,6; 2,7; 3,4; 3,5; 3,6; 3,7; 4,7; 5,6; 5,7; 6,7
834: 1,3; 1,4; 1,5; 1,6; 1,7; 2,5; 2,6; 2,7; 3,4; 3,5; 3,6; 3,7; 4,6; 4,7; 5,6; 5,7; 6,7
835: 1,3; 1,4; 1,5; 1,6; 1,7; 2,6; 2,7; 3,4; 3,5; 3,6; 3,7; 4,5; 4,6; 4,7; 5,7
836: 1,3; 1,4; 1,5; 1,6; 1,7; 2,6; 2,7; 3,4; 3,5; 3,6; 3,7; 4,5; 4,6; 4,7; 6,7
837: 1,3; 1,4; 1,5; 1,6; 1,7; 2,6; 2,7; 3,4; 3,5; 3,6; 3,7; 4,5; 4,6; 4,7; 5,7; 6,7
838: 1,3; 1,4; 1,5; 1,6; 1,7; 2,7; 3,4; 3,5; 3,6; 3,7; 4,5; 4,6; 4,7; 5,6; 5,7
839: 1,3; 1,4; 1,5; 1,6; 1,7; 2,7; 3,4; 3,5; 3,6; 3,7; 4,5; 4,6; 4,7; 5,6; 5,7; 6,7
840: 1,3; 1,4; 1,5; 1,6; 1,7; 2,6; 2,7; 3,4; 3,5; 3,6; 3,7; 4,5; 4,6; 4,7; 5,6; 5,7; 6,7
841: 1,3; 1,4; 1,5; 1,6; 1,7; 2,5; 2,6; 2,7; 3,4; 3,5; 3,6; 3,7; 4,5; 4,6; 4,7; 5,6; 5,7; 6,7
842: 1,3; 1,4; 1,5; 1,6; 1,7; 2,4; 2,5; 2,6; 2,7; 3,4; 3,5; 3,6; 3,7; 4,5; 4,6; 4,7; 5,6; 5,7; 6,7
843: 1,3; 1,4; 1,5; 1,6; 1,7; 2,3; 2,4; 2,5; 2,6; 2,7; 3,5; 3,6; 3,7; 4,7; 5,6; 5,7
844: 1,3; 1,4; 1,5; 1,6; 1,7; 2,3; 2,4; 2,5; 2,6; 2,7; 3,5; 3,6; 3,7; 5,6; 5,7; 6,7
845: 1,3; 1,4; 1,5; 1,6; 1,7; 2,3; 2,4; 2,5; 2,6; 3,5; 3,6; 3,7; 4,7; 5,6; 5,7; 6,7
846: 1,3; 1,4; 1,5; 1,6; 1,7; 2,3; 2,4; 2,5; 2,6; 2,7; 3,5; 3,6; 3,7; 4,7; 5,6; 5,7; 6,7
847: 1,3; 1,4; 1,5; 1,6; 1,7; 2,3; 2,4; 2,5; 2,7; 3,5; 3,6; 3,7; 4,6; 4,7; 5,6; 5,7; 6,7
848: 1,3; 1,4; 1,5; 1,6; 1,7; 2,3; 2,4; 2,5; 2,6; 2,7; 3,5; 3,6; 3,7; 4,6; 4,7; 5,6; 5,7; 6,7
849: 1,3; 1,4; 1,5; 1,6; 1,7; 2,3; 2,4; 2,5; 2,6; 2,7; 3,5; 3,6; 3,7; 4,5; 4,6; 4,7; 5,7
850: 1,3; 1,4; 1,5; 1,6; 1,7; 2,3; 2,4; 2,5; 2,6; 2,7; 3,5; 3,6; 3,7; 4,5; 4,6; 4,7; 5,7; 6,7
851: 1,3; 1,4; 1,5; 1,6; 1,7; 2,3; 2,4; 2,5; 2,6; 2,7; 3,5; 3,6; 3,7; 4,5; 4,6; 4,7; 5,6; 5,7; 6,7
852: 1,3; 1,4; 1,5; 1,6; 1,7; 2,3; 2,4; 2,5; 2,6; 2,7; 3,4; 3,5; 3,6; 3,7; 4,5; 4,6; 4,7; 5,6; 5,7; 6,7
853: 1,2; 1,3; 1,4; 1,5; 1,6; 1,7; 2,3; 2,4; 2,5; 2,6; 2,7; 3,4; 3,5; 3,6; 3,7; 4,5; 4,6; 4,7; 5,6; 5,7; 6,7