1: 1,8; 1,9; 1,10; 2,8; 2,9; 2,11; 3,8; 3,9; 3,13; 4,10; 4,11; 4,12; 5,10; 5,12; 5,14; 6,11; 6,13; 6,14; 7,12; 7,13; 7,14
2: 1,8; 1,9; 1,10; 2,8; 2,9; 2,10; 3,8; 3,10; 3,11; 4,9; 4,11; 4,12; 5,11; 5,13; 5,14; 6,12; 6,13; 6,14; 7,12; 7,13; 7,14
3: 1,8; 1,9; 1,10; 2,8; 2,9; 2,10; 3,8; 3,10; 3,11; 4,9; 4,12; 4,13; 5,11; 5,12; 5,14; 6,11; 6,13; 6,14; 7,12; 7,13; 7,14
4: 1,8; 1,9; 1,10; 2,8; 2,9; 2,10; 3,8; 3,11; 3,12; 4,9; 4,12; 4,13; 5,10; 5,12; 5,14; 6,11; 6,13; 6,14; 7,11; 7,13; 7,14
5: 1,8; 1,9; 1,10; 2,8; 2,9; 2,10; 3,8; 3,11; 3,12; 4,9; 4,13; 4,14; 5,10; 5,13; 5,14; 6,11; 6,12; 6,13; 7,11; 7,12; 7,14
6: 1,8; 1,9; 1,10; 2,8; 2,9; 2,11; 3,8; 3,10; 3,12; 4,9; 4,11; 4,13; 5,10; 5,12; 5,14; 6,11; 6,13; 6,14; 7,12; 7,13; 7,14
7: 1,8; 1,9; 1,10; 2,8; 2,9; 2,11; 3,8; 3,11; 3,12; 4,9; 4,11; 4,13; 5,10; 5,12; 5,14; 6,10; 6,13; 6,14; 7,12; 7,13; 7,14
8: 1,8; 1,9; 1,10; 2,8; 2,9; 2,11; 3,8; 3,11; 3,12; 4,9; 4,12; 4,14; 5,10; 5,12; 5,13; 6,10; 6,13; 6,14; 7,11; 7,13; 7,14
9: 1,8; 1,9; 1,10; 2,8; 2,9; 2,11; 3,8; 3,11; 3,12; 4,9; 4,13; 4,14; 5,10; 5,12; 5,13; 6,10; 6,12; 6,14; 7,11; 7,13; 7,14
10: 1,8; 1,9; 1,10; 2,8; 2,9; 2,11; 3,8; 3,11; 3,12; 4,9; 4,13; 4,14; 5,10; 5,12; 5,14; 6,10; 6,13; 6,14; 7,11; 7,12; 7,13
11: 1,8; 1,9; 1,10; 2,8; 2,9; 2,11; 3,8; 3,12; 3,13; 4,9; 4,12; 4,14; 5,10; 5,11; 5,12; 6,10; 6,13; 6,14; 7,11; 7,13; 7,14
12: 1,8; 1,9; 1,10; 2,8; 2,9; 2,11; 3,8; 3,12; 3,14; 4,9; 4,13; 4,14; 5,10; 5,11; 5,12; 6,10; 6,12; 6,13; 7,11; 7,13; 7,14
13: 1,8; 1,9; 1,10; 2,8; 2,11; 2,14; 3,8; 3,12; 3,13; 4,9; 4,11; 4,13; 5,9; 5,12; 5,14; 6,10; 6,11; 6,12; 7,10; 7,13; 7,14
14: 1,7; 1,8; 1,9; 2,8; 2,9; 2,10; 3,9; 3,10; 3,11; 4,10; 4,11; 4,12; 5,11; 5,12; 5,13; 6,12; 6,13; 6,14; 7,13; 7,14; 8,14
15: 1,7; 1,8; 1,9; 2,8; 2,9; 2,10; 3,9; 3,10; 3,11; 4,11; 4,12; 4,14; 5,11; 5,13; 5,14; 6,12; 6,13; 6,14; 7,12; 7,13; 8,10
16: 1,7; 1,8; 1,14; 2,8; 2,9; 2,10; 3,9; 3,10; 3,11; 4,9; 4,11; 4,12; 5,10; 5,12; 5,14; 6,11; 6,12; 6,13; 7,13; 7,14; 8,13
17: 1,7; 1,8; 1,14; 2,8; 2,9; 2,10; 3,9; 3,10; 3,12; 4,9; 4,11; 4,13; 5,10; 5,12; 5,13; 6,11; 6,12; 6,14; 7,13; 7,14; 8,11
18: 1,7; 1,8; 1,12; 2,8; 2,9; 2,10; 3,9; 3,10; 3,11; 4,9; 4,12; 4,13; 5,10; 5,13; 5,14; 6,12; 6,13; 6,14; 7,11; 7,14; 8,11
19: 1,7; 1,8; 1,11; 2,8; 2,9; 2,10; 3,9; 3,11; 3,12; 4,9; 4,13; 4,14; 5,10; 5,12; 5,13; 6,11; 6,13; 6,14; 7,10; 7,12; 8,14
20: 1,7; 1,8; 1,14; 2,8; 2,11; 2,12; 3,9; 3,10; 3,11; 4,9; 4,10; 4,11; 5,9; 5,12; 5,13; 6,10; 6,12; 6,14; 7,13; 7,14; 8,13
21: 1,7; 1,8; 1,9; 2,8; 2,9; 2,10; 3,10; 3,12; 3,13; 4,11; 4,12; 4,14; 5,11; 5,13; 5,14; 6,12; 6,13; 6,14; 7,9; 7,11; 8,10
22: 1,7; 1,8; 1,9; 2,8; 2,9; 2,10; 3,10; 3,12; 3,13; 4,11; 4,12; 4,14; 5,11; 5,13; 5,14; 6,12; 6,13; 6,14; 7,10; 7,11; 8,9
23: 1,7; 1,8; 1,9; 2,8; 2,9; 2,14; 3,10; 3,11; 3,12; 4,10; 4,11; 4,12; 5,11; 5,13; 5,14; 6,12; 6,13; 6,14; 7,10; 7,13; 8,9
24: 1,7; 1,8; 1,9; 2,8; 2,9; 2,14; 3,10; 3,11; 3,12; 4,10; 4,12; 4,13; 5,11; 5,13; 5,14; 6,12; 6,13; 6,14; 7,10; 7,11; 8,9
25: 1,7; 1,8; 1,9; 2,8; 2,10; 2,11; 3,9; 3,13; 3,14; 4,10; 4,11; 4,12; 5,10; 5,12; 5,13; 6,11; 6,12; 6,14; 7,13; 7,14; 8,9
26: 1,7; 1,8; 1,9; 2,8; 2,10; 2,11; 3,9; 3,12; 3,13; 4,10; 4,11; 4,12; 5,10; 5,13; 5,14; 6,11; 6,13; 6,14; 7,12; 7,14; 8,9
27: 1,7; 1,8; 1,9; 2,8; 2,11; 2,13; 3,9; 3,12; 3,14; 4,10; 4,11; 4,12; 5,10; 5,11; 5,12; 6,10; 6,13; 6,14; 7,13; 7,14; 8,9
28: 1,7; 1,8; 1,9; 2,8; 2,12; 2,13; 3,9; 3,13; 3,14; 4,10; 4,11; 4,12; 5,10; 5,11; 5,12; 6,10; 6,11; 6,14; 7,13; 7,14; 8,9
29: 1,7; 1,9; 1,10; 2,8; 2,9; 2,10; 3,8; 3,10; 3,11; 4,9; 4,11; 4,12; 5,11; 5,13; 5,14; 6,12; 6,13; 6,14; 7,12; 7,13; 8,14
30: 1,7; 1,9; 1,10; 2,8; 2,9; 2,10; 3,8; 3,10; 3,11; 4,9; 4,12; 4,13; 5,11; 5,13; 5,14; 6,12; 6,13; 6,14; 7,11; 7,12; 8,14
31: 1,7; 1,9; 1,10; 2,8; 2,9; 2,11; 3,8; 3,10; 3,11; 4,9; 4,10; 4,12; 5,11; 5,12; 5,13; 6,12; 6,13; 6,14; 7,13; 7,14; 8,14
32: 1,7; 1,9; 1,10; 2,8; 2,9; 2,13; 3,8; 3,10; 3,12; 4,9; 4,11; 4,12; 5,10; 5,11; 5,14; 6,12; 6,13; 6,14; 7,13; 7,14; 8,11
33: 1,7; 1,9; 1,11; 2,8; 2,9; 2,10; 3,8; 3,11; 3,12; 4,9; 4,11; 4,13; 5,10; 5,13; 5,14; 6,12; 6,13; 6,14; 7,10; 7,12; 8,14
34: 1,7; 1,9; 1,11; 2,8; 2,9; 2,10; 3,8; 3,13; 3,14; 4,9; 4,11; 4,12; 5,10; 5,12; 5,14; 6,11; 6,12; 6,13; 7,10; 7,13; 8,14
35: 1,7; 1,9; 1,11; 2,8; 2,9; 2,10; 3,8; 3,12; 3,13; 4,9; 4,13; 4,14; 5,10; 5,11; 5,12; 6,11; 6,13; 6,14; 7,10; 7,12; 8,14
36: 1,7; 1,9; 1,11; 2,8; 2,9; 2,10; 3,8; 3,13; 3,14; 4,9; 4,12; 4,13; 5,10; 5,11; 5,13; 6,11; 6,12; 6,14; 7,10; 7,14; 8,12
37: 1,7; 1,10; 1,14; 2,8; 2,9; 2,10; 3,8; 3,9; 3,10; 4,9; 4,11; 4,12; 5,11; 5,13; 5,14; 6,12; 6,13; 6,14; 7,11; 7,12; 8,13
38: 1,7; 1,10; 1,14; 2,8; 2,9; 2,10; 3,8; 3,9; 3,10; 4,9; 4,11; 4,12; 5,11; 5,13; 5,14; 6,12; 6,13; 6,14; 7,12; 7,13; 8,11
39: 1,7; 1,10; 1,14; 2,8; 2,9; 2,10; 3,8; 3,9; 3,10; 4,9; 4,12; 4,14; 5,11; 5,12; 5,13; 6,11; 6,12; 6,13; 7,13; 7,14; 8,11
40: 1,7; 1,10; 1,14; 2,8; 2,9; 2,10; 3,8; 3,9; 3,10; 4,9; 4,11; 4,13; 5,12; 5,13; 5,14; 6,12; 6,13; 6,14; 7,11; 7,12; 8,11
41: 1,7; 1,10; 1,14; 2,8; 2,9; 2,10; 3,8; 3,9; 3,10; 4,9; 4,12; 4,13; 5,11; 5,13; 5,14; 6,12; 6,13; 6,14; 7,11; 7,12; 8,11
42: 1,7; 1,10; 1,14; 2,8; 2,9; 2,10; 3,8; 3,9; 3,10; 4,9; 4,13; 4,14; 5,11; 5,12; 5,13; 6,12; 6,13; 6,14; 7,11; 7,12; 8,11
43: 1,7; 1,10; 1,12; 2,8; 2,9; 2,10; 3,8; 3,9; 3,11; 4,9; 4,10; 4,11; 5,12; 5,13; 5,14; 6,12; 6,13; 6,14; 7,11; 7,14; 8,13
44: 1,7; 1,11; 1,12; 2,8; 2,9; 2,10; 3,8; 3,9; 3,10; 4,9; 4,10; 4,11; 5,11; 5,12; 5,13; 6,12; 6,13; 6,14; 7,13; 7,14; 8,14
45: 1,7; 1,11; 1,12; 2,8; 2,9; 2,10; 3,8; 3,9; 3,10; 4,9; 4,10; 4,11; 5,12; 5,13; 5,14; 6,12; 6,13; 6,14; 7,11; 7,13; 8,14
46: 1,7; 1,11; 1,12; 2,8; 2,9; 2,10; 3,8; 3,9; 3,10; 4,9; 4,10; 4,11; 5,12; 5,13; 5,14; 6,12; 6,13; 6,14; 7,13; 7,14; 8,11
47: 1,7; 1,11; 1,12; 2,8; 2,9; 2,10; 3,8; 3,9; 3,10; 4,9; 4,11; 4,14; 5,10; 5,12; 5,13; 6,12; 6,13; 6,14; 7,13; 7,14; 8,11
48: 1,7; 1,11; 1,12; 2,8; 2,9; 2,10; 3,8; 3,9; 3,10; 4,9; 4,11; 4,13; 5,10; 5,13; 5,14; 6,12; 6,13; 6,14; 7,12; 7,14; 8,11
49: 1,7; 1,11; 1,12; 2,8; 2,9; 2,10; 3,8; 3,9; 3,10; 4,9; 4,12; 4,13; 5,10; 5,12; 5,14; 6,11; 6,13; 6,14; 7,13; 7,14; 8,11
50: 1,7; 1,11; 1,12; 2,8; 2,9; 2,10; 3,8; 3,9; 3,10; 4,9; 4,12; 4,13; 5,10; 5,13; 5,14; 6,11; 6,12; 6,14; 7,13; 7,14; 8,11
51: 1,7; 1,12; 1,13; 2,8; 2,9; 2,10; 3,8; 3,9; 3,10; 4,9; 4,11; 4,12; 5,10; 5,12; 5,14; 6,11; 6,13; 6,14; 7,13; 7,14; 8,11
52: 1,7; 1,12; 1,13; 2,8; 2,9; 2,10; 3,8; 3,9; 3,10; 4,9; 4,11; 4,12; 5,10; 5,13; 5,14; 6,11; 6,13; 6,14; 7,12; 7,14; 8,11
53: 1,7; 1,11; 1,12; 2,8; 2,9; 2,10; 3,8; 3,9; 3,10; 4,9; 4,13; 4,14; 5,10; 5,13; 5,14; 6,12; 6,13; 6,14; 7,11; 7,12; 8,11
54: 1,7; 1,10; 1,11; 2,8; 2,9; 2,10; 3,8; 3,9; 3,11; 4,9; 4,13; 4,14; 5,11; 5,12; 5,13; 6,12; 6,13; 6,14; 7,10; 7,12; 8,14
55: 1,7; 1,10; 1,11; 2,8; 2,9; 2,10; 3,8; 3,9; 3,11; 4,9; 4,13; 4,14; 5,11; 5,12; 5,14; 6,12; 6,13; 6,14; 7,10; 7,13; 8,12
56: 1,7; 1,9; 1,10; 2,8; 2,10; 2,11; 3,8; 3,10; 3,12; 4,9; 4,11; 4,12; 5,9; 5,13; 5,14; 6,11; 6,13; 6,14; 7,12; 7,14; 8,13
57: 1,7; 1,9; 1,10; 2,8; 2,10; 2,11; 3,8; 3,11; 3,12; 4,9; 4,10; 4,11; 5,9; 5,12; 5,14; 6,12; 6,13; 6,14; 7,13; 7,14; 8,13
58: 1,7; 1,9; 1,10; 2,8; 2,10; 2,11; 3,8; 3,11; 3,12; 4,9; 4,10; 4,11; 5,9; 5,13; 5,14; 6,12; 6,13; 6,14; 7,12; 7,14; 8,13
59: 1,7; 1,9; 1,10; 2,8; 2,10; 2,13; 3,8; 3,13; 3,14; 4,9; 4,10; 4,11; 5,9; 5,11; 5,12; 6,11; 6,12; 6,13; 7,12; 7,14; 8,14
60: 1,7; 1,9; 1,10; 2,8; 2,10; 2,12; 3,8; 3,13; 3,14; 4,9; 4,10; 4,14; 5,9; 5,11; 5,12; 6,11; 6,13; 6,14; 7,12; 7,13; 8,11
61: 1,7; 1,9; 1,10; 2,8; 2,11; 2,12; 3,8; 3,13; 3,14; 4,9; 4,10; 4,11; 5,9; 5,10; 5,11; 6,12; 6,13; 6,14; 7,12; 7,13; 8,14
62: 1,7; 1,9; 1,10; 2,8; 2,12; 2,13; 3,8; 3,13; 3,14; 4,9; 4,10; 4,11; 5,9; 5,10; 5,14; 6,11; 6,12; 6,13; 7,11; 7,12; 8,14
63: 1,7; 1,9; 1,10; 2,8; 2,10; 2,12; 3,8; 3,11; 3,14; 4,9; 4,11; 4,12; 5,9; 5,12; 5,13; 6,10; 6,13; 6,14; 7,13; 7,14; 8,11
64: 1,7; 1,9; 1,10; 2,8; 2,10; 2,12; 3,8; 3,13; 3,14; 4,9; 4,11; 4,12; 5,9; 5,11; 5,14; 6,10; 6,12; 6,13; 7,13; 7,14; 8,11
65: 1,7; 1,9; 1,10; 2,8; 2,10; 2,12; 3,8; 3,12; 3,13; 4,9; 4,11; 4,12; 5,9; 5,13; 5,14; 6,10; 6,11; 6,14; 7,13; 7,14; 8,11
66: 1,7; 1,9; 1,10; 2,8; 2,10; 2,12; 3,8; 3,13; 3,14; 4,9; 4,11; 4,12; 5,9; 5,12; 5,13; 6,10; 6,11; 6,14; 7,13; 7,14; 8,11
67: 1,7; 1,9; 1,10; 2,8; 2,10; 2,12; 3,8; 3,13; 3,14; 4,9; 4,11; 4,12; 5,9; 5,13; 5,14; 6,10; 6,11; 6,14; 7,12; 7,13; 8,11
68: 1,7; 1,9; 1,10; 2,8; 2,11; 2,12; 3,8; 3,12; 3,13; 4,9; 4,10; 4,11; 5,9; 5,13; 5,14; 6,10; 6,13; 6,14; 7,11; 7,12; 8,14
69: 1,7; 1,9; 1,10; 2,8; 2,12; 2,13; 3,8; 3,13; 3,14; 4,9; 4,10; 4,11; 5,9; 5,11; 5,12; 6,10; 6,12; 6,14; 7,11; 7,13; 8,14
70: 1,7; 1,10; 1,11; 2,8; 2,9; 2,10; 3,8; 3,11; 3,12; 4,9; 4,10; 4,12; 5,9; 5,11; 5,13; 6,12; 6,13; 6,14; 7,13; 7,14; 8,14
71: 1,7; 1,10; 1,11; 2,8; 2,9; 2,10; 3,8; 3,13; 3,14; 4,9; 4,10; 4,12; 5,9; 5,12; 5,13; 6,11; 6,12; 6,13; 7,11; 7,14; 8,14
72: 1,7; 1,10; 1,12; 2,8; 2,9; 2,10; 3,8; 3,12; 3,14; 4,9; 4,10; 4,11; 5,9; 5,13; 5,14; 6,11; 6,13; 6,14; 7,11; 7,12; 8,13
73: 1,7; 1,11; 1,12; 2,8; 2,9; 2,10; 3,8; 3,10; 3,13; 4,9; 4,10; 4,11; 5,9; 5,13; 5,14; 6,12; 6,13; 6,14; 7,12; 7,14; 8,11
74: 1,7; 1,11; 1,14; 2,8; 2,9; 2,10; 3,8; 3,10; 3,12; 4,9; 4,10; 4,11; 5,9; 5,13; 5,14; 6,12; 6,13; 6,14; 7,12; 7,13; 8,11
75: 1,7; 1,12; 1,14; 2,8; 2,9; 2,10; 3,8; 3,11; 3,14; 4,9; 4,10; 4,11; 5,9; 5,10; 5,13; 6,11; 6,12; 6,13; 7,13; 7,14; 8,12
76: 1,7; 1,13; 1,14; 2,8; 2,9; 2,10; 3,8; 3,11; 3,12; 4,9; 4,10; 4,12; 5,9; 5,10; 5,14; 6,11; 6,12; 6,13; 7,13; 7,14; 8,11
77: 1,7; 1,10; 1,11; 2,8; 2,9; 2,10; 3,8; 3,11; 3,13; 4,9; 4,11; 4,14; 5,9; 5,12; 5,13; 6,10; 6,13; 6,14; 7,12; 7,14; 8,12
78: 1,7; 1,10; 1,11; 2,8; 2,9; 2,10; 3,8; 3,12; 3,14; 4,9; 4,11; 4,12; 5,9; 5,11; 5,12; 6,10; 6,13; 6,14; 7,13; 7,14; 8,13
79: 1,7; 1,10; 1,11; 2,8; 2,9; 2,10; 3,8; 3,13; 3,14; 4,9; 4,11; 4,13; 5,9; 5,12; 5,14; 6,10; 6,11; 6,12; 7,12; 7,13; 8,14
80: 1,7; 1,10; 1,11; 2,8; 2,9; 2,10; 3,8; 3,13; 3,14; 4,9; 4,11; 4,12; 5,9; 5,12; 5,14; 6,10; 6,12; 6,13; 7,11; 7,13; 8,14
81: 1,7; 1,10; 1,11; 2,8; 2,9; 2,10; 3,8; 3,13; 3,14; 4,9; 4,11; 4,13; 5,9; 5,12; 5,14; 6,10; 6,12; 6,13; 7,11; 7,12; 8,14
82: 1,7; 1,12; 1,13; 2,8; 2,9; 2,10; 3,8; 3,10; 3,11; 4,9; 4,11; 4,12; 5,9; 5,11; 5,14; 6,10; 6,13; 6,14; 7,13; 7,14; 8,12
83: 1,7; 1,11; 1,12; 2,8; 2,9; 2,10; 3,8; 3,12; 3,13; 4,9; 4,10; 4,11; 5,9; 5,11; 5,12; 6,10; 6,13; 6,14; 7,13; 7,14; 8,14
84: 1,7; 1,13; 1,14; 2,8; 2,9; 2,10; 3,8; 3,11; 3,12; 4,9; 4,10; 4,11; 5,9; 5,11; 5,12; 6,10; 6,12; 6,13; 7,13; 7,14; 8,14
85: 1,7; 1,11; 1,12; 2,8; 2,9; 2,10; 3,8; 3,12; 3,14; 4,9; 4,10; 4,11; 5,9; 5,13; 5,14; 6,10; 6,13; 6,14; 7,11; 7,12; 8,13
86: 1,7; 1,11; 1,14; 2,8; 2,9; 2,10; 3,8; 3,12; 3,14; 4,9; 4,10; 4,11; 5,9; 5,12; 5,13; 6,10; 6,12; 6,13; 7,13; 7,14; 8,11
87: 1,7; 1,11; 1,12; 2,8; 2,9; 2,10; 3,8; 3,13; 3,14; 4,9; 4,10; 4,11; 5,9; 5,12; 5,13; 6,10; 6,13; 6,14; 7,12; 7,14; 8,11
88: 1,7; 1,12; 1,14; 2,8; 2,9; 2,10; 3,8; 3,12; 3,13; 4,9; 4,10; 4,14; 5,9; 5,11; 5,12; 6,10; 6,11; 6,13; 7,13; 7,14; 8,11
89: 1,7; 1,10; 1,11; 2,8; 2,9; 2,10; 3,8; 3,13; 3,14; 4,9; 4,11; 4,12; 5,9; 5,12; 5,14; 6,11; 6,12; 6,13; 7,10; 7,13; 8,14
90: 1,7; 1,12; 1,13; 2,8; 2,10; 2,12; 3,8; 3,11; 3,14; 4,9; 4,10; 4,11; 5,9; 5,10; 5,11; 6,9; 6,13; 6,14; 7,13; 7,14; 8,12
91: 1,7; 1,11; 1,12; 2,8; 2,12; 2,13; 3,8; 3,13; 3,14; 4,9; 4,10; 4,11; 5,9; 5,10; 5,11; 6,9; 6,10; 6,12; 7,13; 7,14; 8,14
92: 1,7; 1,11; 1,12; 2,8; 2,12; 2,13; 3,8; 3,13; 3,14; 4,9; 4,10; 4,11; 5,9; 5,10; 5,11; 6,9; 6,10; 6,14; 7,12; 7,13; 8,14
93: 1,7; 1,11; 1,12; 2,8; 2,13; 2,14; 3,8; 3,13; 3,14; 4,9; 4,10; 4,11; 5,9; 5,10; 5,11; 6,9; 6,10; 6,12; 7,12; 7,13; 8,14
94: 1,7; 1,12; 1,13; 2,8; 2,11; 2,12; 3,8; 3,13; 3,14; 4,9; 4,10; 4,11; 5,9; 5,10; 5,11; 6,9; 6,10; 6,12; 7,13; 7,14; 8,14
95: 1,7; 1,13; 1,14; 2,8; 2,11; 2,12; 3,8; 3,12; 3,13; 4,9; 4,10; 4,11; 5,9; 5,10; 5,11; 6,9; 6,10; 6,12; 7,13; 7,14; 8,14
96: 1,7; 1,12; 1,14; 2,8; 2,11; 2,12; 3,8; 3,13; 3,14; 4,9; 4,10; 4,11; 5,9; 5,10; 5,11; 6,9; 6,10; 6,13; 7,13; 7,14; 8,12
97: 1,7; 1,12; 1,14; 2,8; 2,11; 2,14; 3,8; 3,12; 3,13; 4,9; 4,10; 4,11; 5,9; 5,10; 5,11; 6,9; 6,10; 6,13; 7,13; 7,14; 8,12
98: 1,7; 1,9; 1,10; 2,8; 2,9; 2,10; 3,8; 3,10; 3,11; 4,11; 4,12; 4,13; 5,11; 5,13; 5,14; 6,12; 6,13; 6,14; 7,9; 7,12; 8,14
99: 1,7; 1,9; 1,10; 2,8; 2,9; 2,11; 3,8; 3,10; 3,11; 4,10; 4,11; 4,12; 5,12; 5,13; 5,14; 6,12; 6,13; 6,14; 7,9; 7,14; 8,13
100: 1,7; 1,9; 1,10; 2,8; 2,9; 2,12; 3,8; 3,10; 3,14; 4,10; 4,11; 4,12; 5,11; 5,13; 5,14; 6,12; 6,13; 6,14; 7,9; 7,13; 8,11
101: 1,7; 1,9; 1,10; 2,8; 2,12; 2,13; 3,8; 3,13; 3,14; 4,9; 4,10; 4,11; 5,10; 5,11; 5,12; 6,11; 6,12; 6,13; 7,9; 7,14; 8,14
102: 1,7; 1,9; 1,10; 2,8; 2,12; 2,14; 3,8; 3,13; 3,14; 4,9; 4,10; 4,11; 5,10; 5,12; 5,13; 6,11; 6,12; 6,13; 7,9; 7,11; 8,14
103: 1,7; 1,9; 1,10; 2,8; 2,12; 2,13; 3,8; 3,13; 3,14; 4,9; 4,11; 4,12; 5,10; 5,11; 5,12; 6,10; 6,11; 6,13; 7,9; 7,14; 8,14
104: 1,7; 1,9; 1,10; 2,8; 2,12; 2,13; 3,8; 3,13; 3,14; 4,9; 4,12; 4,14; 5,10; 5,11; 5,12; 6,10; 6,11; 6,13; 7,9; 7,11; 8,14
105: 1,7; 1,9; 1,10; 2,8; 2,10; 2,12; 3,8; 3,11; 3,14; 4,9; 4,11; 4,13; 5,12; 5,13; 5,14; 6,12; 6,13; 6,14; 7,9; 7,10; 8,11
106: 1,7; 1,9; 1,10; 2,8; 2,10; 2,12; 3,8; 3,12; 3,14; 4,9; 4,11; 4,13; 5,11; 5,13; 5,14; 6,12; 6,13; 6,14; 7,9; 7,10; 8,11
107: 1,7; 1,9; 1,10; 2,8; 2,10; 2,12; 3,8; 3,13; 3,14; 4,9; 4,11; 4,12; 5,11; 5,13; 5,14; 6,12; 6,13; 6,14; 7,9; 7,10; 8,11
108: 1,7; 1,9; 1,10; 2,8; 2,10; 2,13; 3,8; 3,12; 3,14; 4,9; 4,11; 4,12; 5,11; 5,13; 5,14; 6,12; 6,13; 6,14; 7,9; 7,10; 8,11
109: 1,7; 1,9; 1,10; 2,8; 2,11; 2,12; 3,8; 3,13; 3,14; 4,9; 4,11; 4,13; 5,10; 5,12; 5,13; 6,11; 6,12; 6,14; 7,9; 7,10; 8,14
110: 1,7; 1,9; 1,10; 2,8; 2,12; 2,13; 3,8; 3,13; 3,14; 4,9; 4,11; 4,12; 5,10; 5,11; 5,13; 6,11; 6,12; 6,14; 7,9; 7,10; 8,14
111: 1,7; 1,9; 1,10; 2,8; 2,12; 2,14; 3,8; 3,13; 3,14; 4,9; 4,11; 4,12; 5,10; 5,11; 5,13; 6,11; 6,12; 6,13; 7,9; 7,10; 8,14
112: 1,7; 1,9; 1,10; 2,8; 2,13; 2,14; 3,8; 3,13; 3,14; 4,9; 4,11; 4,12; 5,10; 5,11; 5,12; 6,11; 6,12; 6,13; 7,9; 7,10; 8,14
113: 1,7; 1,9; 1,10; 2,8; 2,11; 2,12; 3,8; 3,13; 3,14; 4,9; 4,11; 4,14; 5,10; 5,12; 5,13; 6,12; 6,13; 6,14; 7,9; 7,10; 8,11
114: 1,7; 1,9; 1,10; 2,8; 2,11; 2,14; 3,8; 3,13; 3,14; 4,9; 4,11; 4,12; 5,10; 5,12; 5,13; 6,12; 6,13; 6,14; 7,9; 7,10; 8,11
115: 1,7; 1,9; 1,10; 2,8; 2,12; 2,14; 3,8; 3,13; 3,14; 4,9; 4,11; 4,12; 5,10; 5,11; 5,13; 6,12; 6,13; 6,14; 7,9; 7,10; 8,11
116: 1,7; 1,9; 1,10; 2,8; 2,12; 2,14; 3,8; 3,13; 3,14; 4,9; 4,11; 4,12; 5,10; 5,12; 5,13; 6,11; 6,13; 6,14; 7,9; 7,10; 8,11
117: 1,7; 1,9; 1,10; 2,8; 2,13; 2,14; 3,8; 3,13; 3,14; 4,9; 4,11; 4,12; 5,10; 5,12; 5,13; 6,11; 6,12; 6,14; 7,9; 7,10; 8,11
118: 1,7; 1,9; 1,13; 2,8; 2,9; 2,10; 3,8; 3,10; 3,12; 4,11; 4,12; 4,14; 5,11; 5,13; 5,14; 6,12; 6,13; 6,14; 7,10; 7,11; 8,9
119: 1,7; 1,9; 1,10; 2,8; 2,9; 2,11; 3,8; 3,12; 3,13; 4,10; 4,11; 4,12; 5,11; 5,13; 5,14; 6,12; 6,13; 6,14; 7,10; 7,14; 8,9
120: 1,7; 1,9; 1,10; 2,8; 2,9; 2,13; 3,8; 3,11; 3,12; 4,10; 4,11; 4,12; 5,11; 5,13; 5,14; 6,12; 6,13; 6,14; 7,10; 7,14; 8,9
121: 1,7; 1,9; 1,13; 2,8; 2,9; 2,10; 3,8; 3,11; 3,12; 4,10; 4,11; 4,14; 5,12; 5,13; 5,14; 6,12; 6,13; 6,14; 7,10; 7,11; 8,9
122: 1,7; 1,9; 1,11; 2,8; 2,9; 2,10; 3,8; 3,12; 3,13; 4,10; 4,12; 4,14; 5,11; 5,13; 5,14; 6,12; 6,13; 6,14; 7,10; 7,11; 8,9
123: 1,7; 1,10; 1,11; 2,8; 2,9; 2,10; 3,8; 3,9; 3,10; 4,11; 4,12; 4,14; 5,11; 5,13; 5,14; 6,12; 6,13; 6,14; 7,12; 7,13; 8,9
124: 1,7; 1,10; 1,11; 2,8; 2,9; 2,10; 3,8; 3,9; 3,11; 4,10; 4,11; 4,12; 5,12; 5,13; 5,14; 6,12; 6,13; 6,14; 7,13; 7,14; 8,9
125: 1,7; 1,10; 1,11; 2,8; 2,9; 2,10; 3,8; 3,9; 3,14; 4,10; 4,11; 4,12; 5,11; 5,13; 5,14; 6,12; 6,13; 6,14; 7,12; 7,13; 8,9
126: 1,7; 1,11; 1,12; 2,8; 2,9; 2,10; 3,8; 3,9; 3,10; 4,10; 4,11; 4,12; 5,11; 5,13; 5,14; 6,12; 6,13; 6,14; 7,13; 7,14; 8,9
127: 1,7; 1,11; 1,12; 2,8; 2,9; 2,10; 3,8; 3,9; 3,10; 4,10; 4,11; 4,13; 5,11; 5,12; 5,14; 6,12; 6,13; 6,14; 7,13; 7,14; 8,9
128: 1,7; 1,11; 1,12; 2,8; 2,9; 2,10; 3,8; 3,9; 3,10; 4,10; 4,11; 4,13; 5,12; 5,13; 5,14; 6,12; 6,13; 6,14; 7,11; 7,14; 8,9
129: 1,7; 1,11; 1,12; 2,8; 2,9; 2,10; 3,8; 3,9; 3,10; 4,10; 4,12; 4,13; 5,11; 5,13; 5,14; 6,12; 6,13; 6,14; 7,11; 7,14; 8,9
130: 1,7; 1,10; 1,11; 2,8; 2,9; 2,10; 3,8; 3,9; 3,14; 4,11; 4,12; 4,13; 5,12; 5,13; 5,14; 6,12; 6,13; 6,14; 7,10; 7,11; 8,9
131: 1,7; 1,9; 1,10; 2,8; 2,10; 2,11; 3,8; 3,10; 3,11; 4,9; 4,11; 4,14; 5,12; 5,13; 5,14; 6,12; 6,13; 6,14; 7,12; 7,13; 8,9
132: 1,7; 1,9; 1,10; 2,8; 2,10; 2,11; 3,8; 3,10; 3,14; 4,9; 4,11; 4,12; 5,11; 5,12; 5,13; 6,12; 6,13; 6,14; 7,13; 7,14; 8,9
133: 1,7; 1,9; 1,10; 2,8; 2,10; 2,11; 3,8; 3,11; 3,14; 4,9; 4,10; 4,12; 5,11; 5,13; 5,14; 6,12; 6,13; 6,14; 7,12; 7,13; 8,9
134: 1,7; 1,9; 1,10; 2,8; 2,10; 2,11; 3,8; 3,13; 3,14; 4,9; 4,10; 4,11; 5,11; 5,12; 5,13; 6,12; 6,13; 6,14; 7,12; 7,14; 8,9
135: 1,7; 1,9; 1,10; 2,8; 2,10; 2,11; 3,8; 3,13; 3,14; 4,9; 4,10; 4,12; 5,11; 5,12; 5,14; 6,11; 6,13; 6,14; 7,12; 7,13; 8,9
136: 1,7; 1,9; 1,10; 2,8; 2,10; 2,11; 3,8; 3,12; 3,13; 4,9; 4,10; 4,11; 5,12; 5,13; 5,14; 6,12; 6,13; 6,14; 7,11; 7,14; 8,9
137: 1,7; 1,9; 1,10; 2,8; 2,10; 2,11; 3,8; 3,12; 3,14; 4,9; 4,10; 4,13; 5,11; 5,13; 5,14; 6,12; 6,13; 6,14; 7,11; 7,12; 8,9
138: 1,7; 1,9; 1,10; 2,8; 2,10; 2,11; 3,8; 3,11; 3,13; 4,9; 4,11; 4,12; 5,10; 5,12; 5,14; 6,12; 6,13; 6,14; 7,13; 7,14; 8,9
139: 1,7; 1,9; 1,10; 2,8; 2,10; 2,11; 3,8; 3,11; 3,13; 4,9; 4,12; 4,14; 5,10; 5,11; 5,12; 6,12; 6,13; 6,14; 7,13; 7,14; 8,9
140: 1,7; 1,9; 1,10; 2,8; 2,10; 2,11; 3,8; 3,11; 3,12; 4,9; 4,13; 4,14; 5,10; 5,12; 5,14; 6,11; 6,13; 6,14; 7,12; 7,13; 8,9
141: 1,7; 1,9; 1,10; 2,8; 2,10; 2,11; 3,8; 3,12; 3,13; 4,9; 4,11; 4,12; 5,10; 5,12; 5,14; 6,11; 6,13; 6,14; 7,13; 7,14; 8,9
142: 1,7; 1,9; 1,10; 2,8; 2,10; 2,11; 3,8; 3,12; 3,14; 4,9; 4,11; 4,12; 5,10; 5,13; 5,14; 6,11; 6,12; 6,13; 7,13; 7,14; 8,9
143: 1,7; 1,9; 1,10; 2,8; 2,10; 2,11; 3,8; 3,13; 3,14; 4,9; 4,11; 4,12; 5,10; 5,12; 5,14; 6,11; 6,12; 6,13; 7,13; 7,14; 8,9
144: 1,7; 1,9; 1,10; 2,8; 2,10; 2,11; 3,8; 3,12; 3,13; 4,9; 4,11; 4,12; 5,10; 5,13; 5,14; 6,11; 6,13; 6,14; 7,12; 7,14; 8,9
145: 1,7; 1,9; 1,10; 2,8; 2,10; 2,11; 3,8; 3,13; 3,14; 4,9; 4,11; 4,12; 5,10; 5,12; 5,13; 6,11; 6,13; 6,14; 7,12; 7,14; 8,9
146: 1,7; 1,9; 1,10; 2,8; 2,10; 2,11; 3,8; 3,13; 3,14; 4,9; 4,11; 4,12; 5,10; 5,13; 5,14; 6,11; 6,12; 6,13; 7,12; 7,14; 8,9
147: 1,7; 1,9; 1,10; 2,8; 2,10; 2,11; 3,8; 3,12; 3,13; 4,9; 4,11; 4,12; 5,10; 5,13; 5,14; 6,12; 6,13; 6,14; 7,11; 7,14; 8,9
148: 1,7; 1,9; 1,10; 2,8; 2,10; 2,11; 3,8; 3,13; 3,14; 4,9; 4,11; 4,12; 5,10; 5,12; 5,14; 6,12; 6,13; 6,14; 7,11; 7,13; 8,9
149: 1,7; 1,9; 1,10; 2,8; 2,11; 2,12; 3,8; 3,11; 3,12; 4,9; 4,10; 4,11; 5,10; 5,13; 5,14; 6,12; 6,13; 6,14; 7,13; 7,14; 8,9
150: 1,7; 1,9; 1,10; 2,8; 2,11; 2,12; 3,8; 3,13; 3,14; 4,9; 4,10; 4,11; 5,10; 5,11; 5,13; 6,12; 6,13; 6,14; 7,12; 7,14; 8,9
151: 1,7; 1,9; 1,10; 2,8; 2,11; 2,12; 3,8; 3,12; 3,13; 4,9; 4,10; 4,11; 5,10; 5,12; 5,14; 6,11; 6,13; 6,14; 7,13; 7,14; 8,9
152: 1,7; 1,9; 1,10; 2,8; 2,11; 2,12; 3,8; 3,13; 3,14; 4,9; 4,10; 4,11; 5,10; 5,12; 5,14; 6,11; 6,12; 6,13; 7,13; 7,14; 8,9
153: 1,7; 1,9; 1,10; 2,8; 2,11; 2,12; 3,8; 3,12; 3,13; 4,9; 4,10; 4,14; 5,10; 5,11; 5,12; 6,11; 6,13; 6,14; 7,13; 7,14; 8,9
154: 1,7; 1,9; 1,10; 2,8; 2,12; 2,14; 3,8; 3,13; 3,14; 4,9; 4,10; 4,11; 5,10; 5,11; 5,12; 6,11; 6,12; 6,13; 7,13; 7,14; 8,9
155: 1,7; 1,9; 1,14; 2,8; 2,10; 2,11; 3,8; 3,13; 3,14; 4,9; 4,10; 4,11; 5,10; 5,12; 5,13; 6,12; 6,13; 6,14; 7,11; 7,12; 8,9
156: 1,7; 1,9; 1,10; 2,8; 2,11; 2,12; 3,8; 3,13; 3,14; 4,9; 4,11; 4,13; 5,10; 5,11; 5,12; 6,10; 6,13; 6,14; 7,12; 7,14; 8,9
157: 1,7; 1,9; 1,10; 2,8; 2,10; 2,11; 3,8; 3,11; 3,13; 4,9; 4,11; 4,12; 5,12; 5,13; 5,14; 6,12; 6,13; 6,14; 7,10; 7,14; 8,9
158: 1,7; 1,9; 1,10; 2,8; 2,10; 2,11; 3,8; 3,11; 3,12; 4,9; 4,12; 4,13; 5,11; 5,13; 5,14; 6,12; 6,13; 6,14; 7,10; 7,14; 8,9
159: 1,7; 1,9; 1,10; 2,8; 2,10; 2,11; 3,8; 3,11; 3,12; 4,9; 4,13; 4,14; 5,11; 5,12; 5,13; 6,12; 6,13; 6,14; 7,10; 7,14; 8,9
160: 1,7; 1,9; 1,10; 2,8; 2,10; 2,11; 3,8; 3,12; 3,13; 4,9; 4,11; 4,12; 5,11; 5,13; 5,14; 6,12; 6,13; 6,14; 7,10; 7,14; 8,9
161: 1,7; 1,9; 1,10; 2,8; 2,10; 2,11; 3,8; 3,13; 3,14; 4,9; 4,11; 4,12; 5,11; 5,12; 5,13; 6,12; 6,13; 6,14; 7,10; 7,14; 8,9
162: 1,7; 1,9; 1,10; 2,8; 2,10; 2,11; 3,8; 3,13; 3,14; 4,9; 4,12; 4,14; 5,11; 5,12; 5,13; 6,11; 6,13; 6,14; 7,10; 7,12; 8,9
163: 1,7; 1,9; 1,10; 2,8; 2,11; 2,12; 3,8; 3,13; 3,14; 4,9; 4,12; 4,13; 5,10; 5,11; 5,12; 6,11; 6,13; 6,14; 7,10; 7,14; 8,9
164: 1,7; 1,9; 1,10; 2,8; 2,11; 2,12; 3,8; 3,12; 3,14; 4,9; 4,13; 4,14; 5,10; 5,12; 5,13; 6,11; 6,13; 6,14; 7,10; 7,11; 8,9
165: 1,7; 1,9; 1,10; 2,8; 2,11; 2,12; 3,8; 3,13; 3,14; 4,9; 4,12; 4,14; 5,10; 5,12; 5,13; 6,11; 6,13; 6,14; 7,10; 7,11; 8,9
166: 1,7; 1,9; 1,10; 2,8; 2,12; 2,13; 3,8; 3,13; 3,14; 4,9; 4,12; 4,14; 5,10; 5,11; 5,12; 6,11; 6,13; 6,14; 7,10; 7,11; 8,9
167: 1,7; 1,10; 1,14; 2,8; 2,9; 2,10; 3,8; 3,10; 3,11; 4,9; 4,11; 4,13; 5,12; 5,13; 5,14; 6,12; 6,13; 6,14; 7,11; 7,12; 8,9
168: 1,7; 1,10; 1,11; 2,8; 2,9; 2,10; 3,8; 3,10; 3,14; 4,9; 4,13; 4,14; 5,11; 5,12; 5,13; 6,12; 6,13; 6,14; 7,11; 7,12; 8,9
169: 1,7; 1,11; 1,12; 2,8; 2,9; 2,10; 3,8; 3,10; 3,11; 4,9; 4,10; 4,11; 5,12; 5,13; 5,14; 6,12; 6,13; 6,14; 7,13; 7,14; 8,9
170: 1,7; 1,11; 1,12; 2,8; 2,9; 2,10; 3,8; 3,10; 3,11; 4,9; 4,10; 4,12; 5,11; 5,13; 5,14; 6,12; 6,13; 6,14; 7,13; 7,14; 8,9
171: 1,7; 1,11; 1,12; 2,8; 2,9; 2,10; 3,8; 3,10; 3,11; 4,9; 4,10; 4,13; 5,11; 5,12; 5,14; 6,12; 6,13; 6,14; 7,13; 7,14; 8,9
172: 1,7; 1,11; 1,12; 2,8; 2,9; 2,10; 3,8; 3,10; 3,11; 4,9; 4,10; 4,13; 5,11; 5,13; 5,14; 6,12; 6,13; 6,14; 7,12; 7,14; 8,9
173: 1,7; 1,12; 1,14; 2,8; 2,9; 2,10; 3,8; 3,10; 3,11; 4,9; 4,10; 4,11; 5,11; 5,12; 5,13; 6,12; 6,13; 6,14; 7,13; 7,14; 8,9
174: 1,7; 1,11; 1,12; 2,8; 2,9; 2,10; 3,8; 3,10; 3,11; 4,9; 4,10; 4,13; 5,12; 5,13; 5,14; 6,12; 6,13; 6,14; 7,11; 7,14; 8,9
175: 1,7; 1,10; 1,14; 2,8; 2,9; 2,10; 3,8; 3,11; 3,13; 4,9; 4,12; 4,14; 5,10; 5,11; 5,12; 6,11; 6,12; 6,13; 7,13; 7,14; 8,9
176: 1,7; 1,11; 1,12; 2,8; 2,9; 2,10; 3,8; 3,10; 3,11; 4,9; 4,11; 4,14; 5,10; 5,12; 5,13; 6,12; 6,13; 6,14; 7,13; 7,14; 8,9
177: 1,7; 1,11; 1,14; 2,8; 2,9; 2,10; 3,8; 3,10; 3,11; 4,9; 4,12; 4,13; 5,10; 5,11; 5,12; 6,12; 6,13; 6,14; 7,13; 7,14; 8,9
178: 1,7; 1,12; 1,14; 2,8; 2,9; 2,10; 3,8; 3,10; 3,11; 4,9; 4,11; 4,12; 5,10; 5,12; 5,13; 6,11; 6,13; 6,14; 7,13; 7,14; 8,9
179: 1,7; 1,12; 1,14; 2,8; 2,9; 2,10; 3,8; 3,10; 3,11; 4,9; 4,12; 4,13; 5,10; 5,11; 5,12; 6,11; 6,13; 6,14; 7,13; 7,14; 8,9
180: 1,7; 1,12; 1,14; 2,8; 2,9; 2,10; 3,8; 3,10; 3,11; 4,9; 4,12; 4,13; 5,10; 5,11; 5,14; 6,11; 6,12; 6,13; 7,13; 7,14; 8,9
181: 1,7; 1,12; 1,14; 2,8; 2,9; 2,10; 3,8; 3,10; 3,13; 4,9; 4,11; 4,12; 5,10; 5,11; 5,12; 6,11; 6,13; 6,14; 7,13; 7,14; 8,9
182: 1,7; 1,11; 1,12; 2,8; 2,9; 2,10; 3,8; 3,10; 3,11; 4,9; 4,13; 4,14; 5,10; 5,12; 5,13; 6,12; 6,13; 6,14; 7,11; 7,14; 8,9
183: 1,7; 1,11; 1,12; 2,8; 2,9; 2,14; 3,8; 3,10; 3,11; 4,9; 4,10; 4,11; 5,10; 5,12; 5,13; 6,12; 6,13; 6,14; 7,13; 7,14; 8,9
184: 1,7; 1,11; 1,13; 2,8; 2,9; 2,10; 3,8; 3,13; 3,14; 4,9; 4,13; 4,14; 5,10; 5,11; 5,12; 6,10; 6,11; 6,12; 7,12; 7,14; 8,9
185: 1,7; 1,12; 1,13; 2,8; 2,9; 2,10; 3,8; 3,11; 3,14; 4,9; 4,13; 4,14; 5,10; 5,11; 5,12; 6,10; 6,11; 6,12; 7,13; 7,14; 8,9
186: 1,7; 1,11; 1,14; 2,8; 2,9; 2,14; 3,8; 3,10; 3,11; 4,9; 4,12; 4,13; 5,10; 5,11; 5,12; 6,10; 6,12; 6,13; 7,13; 7,14; 8,9
187: 1,7; 1,10; 1,11; 2,8; 2,9; 2,10; 3,8; 3,11; 3,12; 4,9; 4,11; 4,13; 5,12; 5,13; 5,14; 6,12; 6,13; 6,14; 7,10; 7,14; 8,9
188: 1,7; 1,10; 1,11; 2,8; 2,9; 2,10; 3,8; 3,12; 3,14; 4,9; 4,13; 4,14; 5,11; 5,12; 5,13; 6,11; 6,13; 6,14; 7,10; 7,12; 8,9
189: 1,7; 1,10; 1,11; 2,8; 2,9; 2,10; 3,8; 3,13; 3,14; 4,9; 4,13; 4,14; 5,11; 5,12; 5,13; 6,11; 6,12; 6,14; 7,10; 7,12; 8,9
190: 1,7; 1,10; 1,11; 2,8; 2,9; 2,10; 3,8; 3,12; 3,14; 4,9; 4,13; 4,14; 5,11; 5,12; 5,13; 6,12; 6,13; 6,14; 7,10; 7,11; 8,9
191: 1,7; 1,10; 1,12; 2,8; 2,10; 2,11; 3,8; 3,12; 3,14; 4,9; 4,10; 4,11; 5,9; 5,13; 5,14; 6,12; 6,13; 6,14; 7,11; 7,13; 8,9
192: 1,7; 1,11; 1,12; 2,8; 2,10; 2,11; 3,8; 3,10; 3,13; 4,9; 4,10; 4,11; 5,9; 5,12; 5,14; 6,12; 6,13; 6,14; 7,13; 7,14; 8,9
193: 1,7; 1,11; 1,12; 2,8; 2,10; 2,11; 3,8; 3,10; 3,13; 4,9; 4,10; 4,11; 5,9; 5,13; 5,14; 6,12; 6,13; 6,14; 7,12; 7,14; 8,9
194: 1,7; 1,11; 1,14; 2,8; 2,10; 2,11; 3,8; 3,10; 3,13; 4,9; 4,11; 4,12; 5,9; 5,12; 5,13; 6,10; 6,12; 6,14; 7,13; 7,14; 8,9
195: 1,7; 1,11; 1,14; 2,8; 2,10; 2,11; 3,8; 3,11; 3,12; 4,9; 4,10; 4,13; 5,9; 5,12; 5,13; 6,10; 6,12; 6,14; 7,13; 7,14; 8,9
196: 1,7; 1,11; 1,12; 2,8; 2,10; 2,11; 3,8; 3,12; 3,14; 4,9; 4,10; 4,11; 5,9; 5,13; 5,14; 6,10; 6,13; 6,14; 7,12; 7,13; 8,9
197: 1,7; 1,11; 1,12; 2,8; 2,10; 2,11; 3,8; 3,13; 3,14; 4,9; 4,10; 4,11; 5,9; 5,13; 5,14; 6,10; 6,12; 6,13; 7,12; 7,14; 8,9
198: 1,7; 1,11; 1,14; 2,8; 2,10; 2,13; 3,8; 3,11; 3,12; 4,9; 4,10; 4,11; 5,9; 5,12; 5,13; 6,10; 6,12; 6,14; 7,13; 7,14; 8,9
199: 1,7; 1,9; 1,10; 2,8; 2,10; 2,11; 3,8; 3,11; 3,12; 4,10; 4,11; 4,13; 5,12; 5,13; 5,14; 6,12; 6,13; 6,14; 7,9; 7,14; 8,9
200: 1,7; 1,9; 1,10; 2,8; 2,10; 2,11; 3,8; 3,11; 3,12; 4,10; 4,12; 4,14; 5,11; 5,13; 5,14; 6,12; 6,13; 6,14; 7,9; 7,13; 8,9
201: 1,7; 1,9; 1,10; 2,8; 2,10; 2,11; 3,8; 3,11; 3,14; 4,10; 4,12; 4,13; 5,11; 5,13; 5,14; 6,12; 6,13; 6,14; 7,9; 7,12; 8,9
202: 1,7; 1,9; 1,10; 2,8; 2,10; 2,11; 3,8; 3,12; 3,13; 4,10; 4,12; 4,14; 5,11; 5,13; 5,14; 6,11; 6,13; 6,14; 7,9; 7,12; 8,9
203: 1,7; 1,9; 1,10; 2,8; 2,10; 2,11; 3,8; 3,12; 3,13; 4,10; 4,13; 4,14; 5,11; 5,12; 5,14; 6,11; 6,13; 6,14; 7,9; 7,12; 8,9
204: 1,7; 1,9; 1,10; 2,8; 2,10; 2,11; 3,8; 3,12; 3,13; 4,10; 4,12; 4,14; 5,11; 5,13; 5,14; 6,12; 6,13; 6,14; 7,9; 7,11; 8,9
205: 1,7; 1,8; 1,10; 2,7; 2,12; 2,13; 3,8; 3,10; 3,11; 4,9; 4,11; 4,12; 5,9; 5,13; 5,14; 6,12; 6,13; 6,14; 7,10; 8,11; 9,14
206: 1,7; 1,8; 1,11; 2,7; 2,13; 2,14; 3,8; 3,10; 3,11; 4,9; 4,11; 4,12; 5,9; 5,12; 5,13; 6,10; 6,13; 6,14; 7,10; 8,12; 9,14
207: 1,7; 1,8; 1,14; 2,7; 2,12; 2,13; 3,8; 3,13; 3,14; 4,9; 4,10; 4,11; 5,9; 5,11; 5,12; 6,10; 6,11; 6,12; 7,13; 8,14; 9,10
208: 1,7; 1,10; 1,11; 2,7; 2,10; 2,11; 3,8; 3,10; 3,12; 4,8; 4,11; 4,12; 5,9; 5,12; 5,13; 6,9; 6,13; 6,14; 7,13; 8,14; 9,14
209: 1,7; 1,10; 1,11; 2,7; 2,10; 2,11; 3,8; 3,10; 3,12; 4,8; 4,11; 4,12; 5,9; 5,12; 5,13; 6,9; 6,13; 6,14; 7,14; 8,13; 9,14
210: 1,7; 1,10; 1,11; 2,7; 2,10; 2,12; 3,8; 3,10; 3,11; 4,8; 4,11; 4,12; 5,9; 5,12; 5,13; 6,9; 6,13; 6,14; 7,13; 8,14; 9,14
211: 1,7; 1,10; 1,11; 2,7; 2,11; 2,12; 3,8; 3,10; 3,11; 4,8; 4,12; 4,13; 5,9; 5,10; 5,14; 6,9; 6,13; 6,14; 7,12; 8,13; 9,14
212: 1,7; 1,10; 1,11; 2,7; 2,10; 2,11; 3,8; 3,11; 3,12; 4,8; 4,12; 4,14; 5,9; 5,12; 5,13; 6,9; 6,13; 6,14; 7,10; 8,13; 9,14
213: 1,7; 1,10; 1,11; 2,7; 2,10; 2,11; 3,8; 3,11; 3,12; 4,8; 4,12; 4,13; 5,9; 5,13; 5,14; 6,9; 6,13; 6,14; 7,10; 8,12; 9,14
214: 1,7; 1,10; 1,11; 2,7; 2,10; 2,11; 3,8; 3,11; 3,13; 4,8; 4,12; 4,14; 5,9; 5,12; 5,13; 6,9; 6,13; 6,14; 7,10; 8,12; 9,14
215: 1,7; 1,10; 1,11; 2,7; 2,10; 2,12; 3,8; 3,11; 3,12; 4,8; 4,12; 4,13; 5,9; 5,11; 5,14; 6,9; 6,13; 6,14; 7,10; 8,13; 9,14
216: 1,7; 1,10; 1,11; 2,7; 2,11; 2,13; 3,8; 3,10; 3,14; 4,8; 4,11; 4,12; 5,9; 5,12; 5,13; 6,9; 6,13; 6,14; 7,10; 8,12; 9,14
217: 1,7; 1,10; 1,12; 2,7; 2,11; 2,13; 3,8; 3,10; 3,11; 4,8; 4,11; 4,12; 5,9; 5,12; 5,13; 6,9; 6,13; 6,14; 7,10; 8,14; 9,14
218: 1,7; 1,10; 1,14; 2,7; 2,11; 2,12; 3,8; 3,10; 3,11; 4,8; 4,11; 4,12; 5,9; 5,12; 5,13; 6,9; 6,13; 6,14; 7,10; 8,13; 9,14
219: 1,7; 1,10; 1,12; 2,7; 2,11; 2,12; 3,8; 3,10; 3,11; 4,8; 4,12; 4,13; 5,9; 5,11; 5,14; 6,9; 6,13; 6,14; 7,10; 8,13; 9,14
220: 1,7; 1,10; 1,14; 2,7; 2,11; 2,12; 3,8; 3,10; 3,11; 4,8; 4,13; 4,14; 5,9; 5,11; 5,12; 6,9; 6,12; 6,13; 7,10; 8,14; 9,13
221: 1,7; 1,11; 1,12; 2,7; 2,11; 2,13; 3,8; 3,10; 3,11; 4,8; 4,12; 4,14; 5,9; 5,10; 5,12; 6,9; 6,13; 6,14; 7,10; 8,13; 9,14
222: 1,7; 1,11; 1,12; 2,7; 2,11; 2,14; 3,8; 3,10; 3,11; 4,8; 4,13; 4,14; 5,9; 5,10; 5,12; 6,9; 6,12; 6,13; 7,10; 8,14; 9,13
223: 1,6; 1,9; 1,12; 2,7; 2,9; 2,11; 3,8; 3,9; 3,10; 4,11; 4,12; 4,13; 5,12; 5,13; 5,14; 6,10; 6,11; 7,10; 7,14; 8,13; 8,14
224: 1,6; 1,9; 1,12; 2,7; 2,9; 2,11; 3,8; 3,9; 3,10; 4,12; 4,13; 4,14; 5,12; 5,13; 5,14; 6,10; 6,11; 7,10; 7,13; 8,11; 8,14
225: 1,6; 1,9; 1,10; 2,7; 2,9; 2,10; 3,8; 3,10; 3,11; 4,9; 4,11; 4,12; 5,11; 5,13; 5,14; 6,12; 6,13; 7,12; 7,14; 8,13; 8,14
226: 1,6; 1,9; 1,10; 2,7; 2,9; 2,10; 3,8; 3,10; 3,11; 4,9; 4,11; 4,12; 5,11; 5,12; 5,13; 6,13; 6,14; 7,13; 7,14; 8,12; 8,14
227: 1,6; 1,9; 1,10; 2,7; 2,9; 2,10; 3,8; 3,10; 3,11; 4,9; 4,11; 4,12; 5,12; 5,13; 5,14; 6,11; 6,14; 7,12; 7,13; 8,13; 8,14
228: 1,6; 1,9; 1,10; 2,7; 2,9; 2,10; 3,8; 3,10; 3,11; 4,9; 4,12; 4,13; 5,11; 5,13; 5,14; 6,11; 6,12; 7,12; 7,14; 8,13; 8,14
229: 1,6; 1,9; 1,10; 2,7; 2,9; 2,10; 3,8; 3,10; 3,11; 4,9; 4,12; 4,13; 5,12; 5,13; 5,14; 6,11; 6,12; 7,11; 7,14; 8,13; 8,14
230: 1,6; 1,9; 1,10; 2,7; 2,9; 2,10; 3,8; 3,10; 3,11; 4,9; 4,11; 4,12; 5,12; 5,13; 5,14; 6,12; 6,13; 7,13; 7,14; 8,11; 8,14
231: 1,6; 1,9; 1,10; 2,7; 2,9; 2,10; 3,8; 3,10; 3,11; 4,9; 4,13; 4,14; 5,12; 5,13; 5,14; 6,11; 6,12; 7,13; 7,14; 8,11; 8,12
232: 1,6; 1,9; 1,10; 2,7; 2,9; 2,10; 3,8; 3,10; 3,11; 4,9; 4,13; 4,14; 5,12; 5,13; 5,14; 6,11; 6,13; 7,12; 7,14; 8,11; 8,12
233: 1,6; 1,9; 1,10; 2,7; 2,9; 2,10; 3,8; 3,10; 3,13; 4,9; 4,11; 4,12; 5,12; 5,13; 5,14; 6,11; 6,14; 7,13; 7,14; 8,11; 8,12
234: 1,6; 1,9; 1,10; 2,7; 2,9; 2,12; 3,8; 3,10; 3,11; 4,9; 4,10; 4,11; 5,12; 5,13; 5,14; 6,12; 6,13; 7,11; 7,14; 8,13; 8,14
235: 1,6; 1,9; 1,10; 2,7; 2,9; 2,12; 3,8; 3,10; 3,14; 4,9; 4,10; 4,11; 5,11; 5,13; 5,14; 6,13; 6,14; 7,11; 7,12; 8,12; 8,13
236: 1,6; 1,9; 1,10; 2,7; 2,9; 2,13; 3,8; 3,10; 3,11; 4,9; 4,10; 4,12; 5,12; 5,13; 5,14; 6,11; 6,14; 7,11; 7,12; 8,13; 8,14
237: 1,6; 1,9; 1,10; 2,7; 2,9; 2,10; 3,8; 3,11; 3,13; 4,9; 4,11; 4,12; 5,10; 5,11; 5,12; 6,13; 6,14; 7,13; 7,14; 8,12; 8,14
238: 1,6; 1,9; 1,10; 2,7; 2,9; 2,10; 3,8; 3,11; 3,12; 4,9; 4,11; 4,13; 5,10; 5,12; 5,14; 6,13; 6,14; 7,13; 7,14; 8,11; 8,12
239: 1,6; 1,9; 1,10; 2,7; 2,9; 2,10; 3,8; 3,11; 3,12; 4,9; 4,11; 4,13; 5,10; 5,13; 5,14; 6,12; 6,14; 7,13; 7,14; 8,11; 8,12
240: 1,6; 1,9; 1,10; 2,7; 2,9; 2,12; 3,8; 3,10; 3,11; 4,9; 4,13; 4,14; 5,10; 5,11; 5,14; 6,12; 6,13; 7,11; 7,12; 8,13; 8,14
241: 1,6; 1,9; 1,10; 2,7; 2,9; 2,12; 3,8; 3,10; 3,11; 4,9; 4,13; 4,14; 5,10; 5,12; 5,13; 6,11; 6,14; 7,11; 7,12; 8,13; 8,14
242: 1,6; 1,9; 1,10; 2,7; 2,9; 2,12; 3,8; 3,10; 3,11; 4,9; 4,13; 4,14; 5,10; 5,12; 5,13; 6,11; 6,14; 7,11; 7,13; 8,12; 8,14
243: 1,6; 1,9; 1,10; 2,7; 2,9; 2,12; 3,8; 3,10; 3,11; 4,9; 4,13; 4,14; 5,10; 5,13; 5,14; 6,11; 6,12; 7,11; 7,13; 8,12; 8,14
244: 1,6; 1,9; 1,10; 2,7; 2,9; 2,12; 3,8; 3,10; 3,11; 4,9; 4,13; 4,14; 5,10; 5,13; 5,14; 6,11; 6,14; 7,11; 7,12; 8,12; 8,13
245: 1,6; 1,9; 1,10; 2,7; 2,9; 2,11; 3,8; 3,10; 3,12; 4,9; 4,12; 4,14; 5,10; 5,13; 5,14; 6,13; 6,14; 7,11; 7,13; 8,11; 8,12
246: 1,6; 1,9; 1,10; 2,7; 2,9; 2,11; 3,8; 3,10; 3,12; 4,9; 4,13; 4,14; 5,10; 5,13; 5,14; 6,12; 6,13; 7,11; 7,14; 8,11; 8,12
247: 1,6; 1,9; 1,11; 2,7; 2,9; 2,10; 3,8; 3,10; 3,11; 4,9; 4,12; 4,13; 5,11; 5,12; 5,14; 6,10; 6,12; 7,13; 7,14; 8,13; 8,14
248: 1,6; 1,9; 1,11; 2,7; 2,9; 2,10; 3,8; 3,10; 3,11; 4,9; 4,12; 4,13; 5,11; 5,13; 5,14; 6,10; 6,12; 7,12; 7,14; 8,13; 8,14
249: 1,6; 1,9; 1,11; 2,7; 2,9; 2,10; 3,8; 3,10; 3,12; 4,9; 4,13; 4,14; 5,12; 5,13; 5,14; 6,10; 6,11; 7,12; 7,14; 8,11; 8,13
250: 1,6; 1,9; 1,11; 2,7; 2,9; 2,10; 3,8; 3,11; 3,12; 4,9; 4,10; 4,14; 5,11; 5,13; 5,14; 6,10; 6,12; 7,13; 7,14; 8,12; 8,13
251: 1,6; 1,9; 1,11; 2,7; 2,9; 2,10; 3,8; 3,11; 3,12; 4,9; 4,10; 4,13; 5,12; 5,13; 5,14; 6,10; 6,11; 7,12; 7,14; 8,13; 8,14
252: 1,6; 1,9; 1,11; 2,7; 2,9; 2,10; 3,8; 3,11; 3,12; 4,9; 4,11; 4,13; 5,10; 5,12; 5,14; 6,10; 6,12; 7,13; 7,14; 8,13; 8,14
253: 1,6; 1,9; 1,11; 2,7; 2,9; 2,10; 3,8; 3,11; 3,12; 4,9; 4,11; 4,13; 5,10; 5,13; 5,14; 6,10; 6,12; 7,12; 7,14; 8,13; 8,14
254: 1,6; 1,9; 1,11; 2,7; 2,9; 2,10; 3,8; 3,11; 3,12; 4,9; 4,11; 4,13; 5,10; 5,13; 5,14; 6,10; 6,12; 7,13; 7,14; 8,12; 8,14
255: 1,6; 1,9; 1,11; 2,7; 2,9; 2,10; 3,8; 3,11; 3,14; 4,9; 4,12; 4,14; 5,10; 5,11; 5,12; 6,10; 6,13; 7,12; 7,13; 8,13; 8,14
256: 1,6; 1,9; 1,11; 2,7; 2,9; 2,10; 3,8; 3,11; 3,12; 4,9; 4,13; 4,14; 5,10; 5,11; 5,14; 6,10; 6,12; 7,12; 7,13; 8,13; 8,14
257: 1,6; 1,9; 1,11; 2,7; 2,9; 2,10; 3,8; 3,11; 3,12; 4,9; 4,13; 4,14; 5,10; 5,11; 5,14; 6,10; 6,12; 7,13; 7,14; 8,12; 8,13
258: 1,6; 1,9; 1,11; 2,7; 2,9; 2,10; 3,8; 3,11; 3,12; 4,9; 4,12; 4,13; 5,10; 5,12; 5,14; 6,10; 6,11; 7,13; 7,14; 8,13; 8,14
259: 1,6; 1,9; 1,11; 2,7; 2,9; 2,10; 3,8; 3,11; 3,12; 4,9; 4,12; 4,13; 5,10; 5,13; 5,14; 6,10; 6,11; 7,12; 7,14; 8,13; 8,14
260: 1,6; 1,9; 1,11; 2,7; 2,9; 2,10; 3,8; 3,11; 3,12; 4,9; 4,13; 4,14; 5,10; 5,13; 5,14; 6,10; 6,11; 7,12; 7,14; 8,12; 8,13
261: 1,6; 1,9; 1,11; 2,7; 2,9; 2,10; 3,8; 3,11; 3,14; 4,9; 4,12; 4,14; 5,10; 5,12; 5,13; 6,10; 6,13; 7,11; 7,12; 8,13; 8,14
262: 1,6; 1,9; 1,11; 2,7; 2,9; 2,10; 3,8; 3,12; 3,14; 4,9; 4,13; 4,14; 5,10; 5,11; 5,13; 6,10; 6,12; 7,11; 7,12; 8,13; 8,14
263: 1,6; 1,9; 1,11; 2,7; 2,9; 2,10; 3,8; 3,13; 3,14; 4,9; 4,12; 4,13; 5,10; 5,11; 5,14; 6,10; 6,12; 7,11; 7,12; 8,13; 8,14
264: 1,6; 1,9; 1,11; 2,7; 2,9; 2,10; 3,8; 3,12; 3,13; 4,9; 4,13; 4,14; 5,10; 5,13; 5,14; 6,10; 6,11; 7,11; 7,12; 8,12; 8,14
265: 1,6; 1,9; 1,11; 2,7; 2,9; 2,10; 3,8; 3,11; 3,12; 4,9; 4,13; 4,14; 5,10; 5,13; 5,14; 6,10; 6,12; 7,12; 7,14; 8,11; 8,13
266: 1,6; 1,9; 1,10; 2,7; 2,10; 2,11; 3,8; 3,10; 3,12; 4,9; 4,11; 4,13; 5,9; 5,12; 5,14; 6,11; 6,14; 7,12; 7,13; 8,13; 8,14
267: 1,6; 1,9; 1,10; 2,7; 2,10; 2,11; 3,8; 3,10; 3,14; 4,9; 4,11; 4,12; 5,9; 5,13; 5,14; 6,11; 6,12; 7,13; 7,14; 8,12; 8,13
268: 1,6; 1,9; 1,10; 2,7; 2,10; 2,11; 3,8; 3,10; 3,14; 4,9; 4,11; 4,12; 5,9; 5,12; 5,14; 6,12; 6,13; 7,11; 7,13; 8,13; 8,14
269: 1,6; 1,9; 1,10; 2,7; 2,10; 2,12; 3,8; 3,10; 3,11; 4,9; 4,11; 4,12; 5,9; 5,13; 5,14; 6,12; 6,13; 7,11; 7,14; 8,13; 8,14
270: 1,6; 1,9; 1,10; 2,7; 2,10; 2,12; 3,8; 3,10; 3,11; 4,9; 4,11; 4,12; 5,9; 5,13; 5,14; 6,13; 6,14; 7,11; 7,13; 8,12; 8,14
271: 1,6; 1,9; 1,10; 2,7; 2,10; 2,11; 3,8; 3,10; 3,14; 4,9; 4,12; 4,13; 5,9; 5,12; 5,13; 6,11; 6,12; 7,11; 7,14; 8,13; 8,14
272: 1,6; 1,9; 1,10; 2,7; 2,10; 2,11; 3,8; 3,10; 3,14; 4,9; 4,12; 4,13; 5,9; 5,12; 5,14; 6,11; 6,12; 7,11; 7,13; 8,13; 8,14
273: 1,6; 1,9; 1,10; 2,7; 2,10; 2,11; 3,8; 3,10; 3,14; 4,9; 4,12; 4,13; 5,9; 5,12; 5,14; 6,11; 6,13; 7,11; 7,12; 8,13; 8,14
274: 1,6; 1,9; 1,10; 2,7; 2,10; 2,11; 3,8; 3,11; 3,12; 4,9; 4,10; 4,11; 5,9; 5,12; 5,13; 6,12; 6,14; 7,13; 7,14; 8,13; 8,14
275: 1,6; 1,9; 1,10; 2,7; 2,10; 2,11; 3,8; 3,11; 3,12; 4,9; 4,10; 4,12; 5,9; 5,11; 5,14; 6,13; 6,14; 7,13; 7,14; 8,12; 8,13
276: 1,6; 1,9; 1,10; 2,7; 2,10; 2,11; 3,8; 3,11; 3,14; 4,9; 4,10; 4,12; 5,9; 5,11; 5,12; 6,13; 6,14; 7,13; 7,14; 8,12; 8,13
277: 1,6; 1,9; 1,10; 2,7; 2,10; 2,11; 3,8; 3,11; 3,12; 4,9; 4,10; 4,12; 5,9; 5,13; 5,14; 6,11; 6,14; 7,13; 7,14; 8,12; 8,13
278: 1,6; 1,9; 1,10; 2,7; 2,10; 2,11; 3,8; 3,11; 3,13; 4,9; 4,10; 4,12; 5,9; 5,13; 5,14; 6,11; 6,12; 7,13; 7,14; 8,12; 8,14
279: 1,6; 1,9; 1,10; 2,7; 2,10; 2,11; 3,8; 3,11; 3,12; 4,9; 4,10; 4,12; 5,9; 5,13; 5,14; 6,13; 6,14; 7,11; 7,13; 8,12; 8,14
280: 1,6; 1,9; 1,10; 2,7; 2,10; 2,11; 3,8; 3,12; 3,13; 4,9; 4,10; 4,12; 5,9; 5,11; 5,12; 6,13; 6,14; 7,11; 7,14; 8,13; 8,14
281: 1,6; 1,9; 1,10; 2,7; 2,10; 2,11; 3,8; 3,12; 3,14; 4,9; 4,10; 4,13; 5,9; 5,11; 5,12; 6,12; 6,13; 7,11; 7,14; 8,13; 8,14
282: 1,6; 1,9; 1,10; 2,7; 2,10; 2,13; 3,8; 3,13; 3,14; 4,9; 4,10; 4,11; 5,9; 5,11; 5,12; 6,12; 6,14; 7,11; 7,12; 8,13; 8,14
283: 1,6; 1,9; 1,10; 2,7; 2,10; 2,14; 3,8; 3,12; 3,13; 4,9; 4,10; 4,11; 5,9; 5,13; 5,14; 6,11; 6,12; 7,11; 7,12; 8,13; 8,14
284: 1,6; 1,9; 1,10; 2,7; 2,10; 2,11; 3,8; 3,11; 3,12; 4,9; 4,10; 4,12; 5,9; 5,12; 5,13; 6,13; 6,14; 7,13; 7,14; 8,11; 8,14
285: 1,6; 1,9; 1,10; 2,7; 2,10; 2,13; 3,8; 3,11; 3,12; 4,9; 4,10; 4,11; 5,9; 5,13; 5,14; 6,13; 6,14; 7,12; 7,14; 8,11; 8,12
286: 1,6; 1,9; 1,10; 2,7; 2,11; 2,13; 3,8; 3,11; 3,12; 4,9; 4,10; 4,11; 5,9; 5,10; 5,12; 6,13; 6,14; 7,12; 7,14; 8,13; 8,14
287: 1,6; 1,9; 1,10; 2,7; 2,11; 2,12; 3,8; 3,12; 3,14; 4,9; 4,10; 4,11; 5,9; 5,10; 5,11; 6,12; 6,13; 7,13; 7,14; 8,13; 8,14
288: 1,6; 1,9; 1,10; 2,7; 2,11; 2,12; 3,8; 3,13; 3,14; 4,9; 4,10; 4,11; 5,9; 5,10; 5,11; 6,12; 6,13; 7,12; 7,14; 8,13; 8,14
289: 1,6; 1,9; 1,10; 2,7; 2,12; 2,13; 3,8; 3,12; 3,14; 4,9; 4,10; 4,11; 5,9; 5,10; 5,11; 6,11; 6,12; 7,13; 7,14; 8,13; 8,14
290: 1,6; 1,9; 1,10; 2,7; 2,11; 2,12; 3,8; 3,12; 3,13; 4,9; 4,10; 4,11; 5,9; 5,10; 5,12; 6,13; 6,14; 7,11; 7,14; 8,13; 8,14
291: 1,6; 1,9; 1,12; 2,7; 2,10; 2,14; 3,8; 3,12; 3,14; 4,9; 4,10; 4,11; 5,9; 5,10; 5,11; 6,11; 6,13; 7,12; 7,13; 8,13; 8,14
292: 1,6; 1,9; 1,10; 2,7; 2,10; 2,11; 3,8; 3,11; 3,14; 4,9; 4,11; 4,12; 5,9; 5,12; 5,13; 6,10; 6,13; 7,12; 7,14; 8,13; 8,14
293: 1,6; 1,9; 1,10; 2,7; 2,10; 2,11; 3,8; 3,11; 3,14; 4,9; 4,11; 4,12; 5,9; 5,13; 5,14; 6,10; 6,12; 7,13; 7,14; 8,12; 8,13
294: 1,6; 1,9; 1,10; 2,7; 2,10; 2,11; 3,8; 3,12; 3,13; 4,9; 4,11; 4,12; 5,9; 5,11; 5,14; 6,10; 6,12; 7,13; 7,14; 8,13; 8,14
295: 1,6; 1,9; 1,10; 2,7; 2,10; 2,11; 3,8; 3,11; 3,14; 4,9; 4,11; 4,12; 5,9; 5,12; 5,13; 6,12; 6,13; 7,10; 7,14; 8,13; 8,14
296: 1,6; 1,9; 1,10; 2,7; 2,10; 2,11; 3,8; 3,11; 3,13; 4,9; 4,11; 4,12; 5,9; 5,13; 5,14; 6,13; 6,14; 7,10; 7,12; 8,12; 8,14
297: 1,6; 1,9; 1,10; 2,7; 2,9; 2,10; 3,8; 3,10; 3,11; 4,11; 4,12; 4,13; 5,11; 5,12; 5,14; 6,9; 6,12; 7,13; 7,14; 8,13; 8,14
298: 1,6; 1,9; 1,10; 2,7; 2,9; 2,10; 3,8; 3,10; 3,11; 4,11; 4,12; 4,13; 5,11; 5,13; 5,14; 6,9; 6,12; 7,13; 7,14; 8,12; 8,14
299: 1,6; 1,9; 1,10; 2,7; 2,9; 2,10; 3,8; 3,10; 3,11; 4,11; 4,12; 4,13; 5,12; 5,13; 5,14; 6,9; 6,12; 7,11; 7,14; 8,13; 8,14
300: 1,6; 1,9; 1,10; 2,7; 2,9; 2,10; 3,8; 3,10; 3,14; 4,11; 4,12; 4,13; 5,12; 5,13; 5,14; 6,9; 6,11; 7,13; 7,14; 8,11; 8,12
301: 1,6; 1,9; 1,10; 2,7; 2,9; 2,10; 3,8; 3,11; 3,12; 4,10; 4,11; 4,13; 5,12; 5,13; 5,14; 6,9; 6,11; 7,12; 7,14; 8,13; 8,14
302: 1,6; 1,9; 1,10; 2,7; 2,9; 2,10; 3,8; 3,11; 3,12; 4,10; 4,11; 4,13; 5,12; 5,13; 5,14; 6,9; 6,11; 7,13; 7,14; 8,12; 8,14
303: 1,6; 1,9; 1,10; 2,7; 2,9; 2,10; 3,8; 3,11; 3,12; 4,10; 4,12; 4,14; 5,11; 5,12; 5,13; 6,9; 6,11; 7,13; 7,14; 8,13; 8,14
304: 1,6; 1,9; 1,10; 2,7; 2,9; 2,10; 3,8; 3,11; 3,12; 4,10; 4,12; 4,13; 5,11; 5,13; 5,14; 6,9; 6,11; 7,12; 7,14; 8,13; 8,14
305: 1,6; 1,9; 1,10; 2,7; 2,9; 2,10; 3,8; 3,11; 3,12; 4,10; 4,13; 4,14; 5,11; 5,12; 5,13; 6,9; 6,11; 7,13; 7,14; 8,12; 8,14
306: 1,6; 1,9; 1,10; 2,7; 2,9; 2,10; 3,8; 3,11; 3,12; 4,10; 4,13; 4,14; 5,12; 5,13; 5,14; 6,9; 6,11; 7,13; 7,14; 8,11; 8,12
307: 1,6; 1,9; 1,10; 2,7; 2,9; 2,11; 3,8; 3,10; 3,11; 4,10; 4,12; 4,13; 5,11; 5,12; 5,14; 6,9; 6,12; 7,13; 7,14; 8,13; 8,14
308: 1,6; 1,9; 1,10; 2,7; 2,9; 2,11; 3,8; 3,10; 3,11; 4,10; 4,12; 4,13; 5,11; 5,13; 5,14; 6,9; 6,12; 7,12; 7,14; 8,13; 8,14
309: 1,6; 1,9; 1,10; 2,7; 2,9; 2,11; 3,8; 3,10; 3,11; 4,10; 4,13; 4,14; 5,11; 5,12; 5,14; 6,9; 6,12; 7,12; 7,13; 8,13; 8,14
310: 1,6; 1,9; 1,10; 2,7; 2,9; 2,11; 3,8; 3,10; 3,14; 4,11; 4,12; 4,13; 5,12; 5,13; 5,14; 6,9; 6,10; 7,11; 7,12; 8,13; 8,14
311: 1,6; 1,9; 1,10; 2,7; 2,9; 2,11; 3,8; 3,10; 3,14; 4,11; 4,13; 4,14; 5,12; 5,13; 5,14; 6,9; 6,10; 7,11; 7,12; 8,12; 8,13
312: 1,6; 1,9; 1,10; 2,7; 2,9; 2,14; 3,8; 3,10; 3,11; 4,11; 4,13; 4,14; 5,12; 5,13; 5,14; 6,9; 6,10; 7,11; 7,12; 8,12; 8,13
313: 1,6; 1,9; 1,10; 2,7; 2,9; 2,11; 3,8; 3,10; 3,14; 4,12; 4,13; 4,14; 5,12; 5,13; 5,14; 6,9; 6,10; 7,11; 7,13; 8,11; 8,12
314: 1,6; 1,9; 1,10; 2,7; 2,9; 2,10; 3,8; 3,11; 3,12; 4,11; 4,12; 4,13; 5,12; 5,13; 5,14; 6,9; 6,11; 7,10; 7,14; 8,13; 8,14
315: 1,6; 1,9; 1,10; 2,7; 2,9; 2,10; 3,8; 3,11; 3,12; 4,12; 4,13; 4,14; 5,12; 5,13; 5,14; 6,9; 6,11; 7,10; 7,14; 8,11; 8,13
316: 1,6; 1,9; 1,10; 2,7; 2,9; 2,11; 3,8; 3,10; 3,11; 4,11; 4,12; 4,14; 5,12; 5,13; 5,14; 6,9; 6,12; 7,10; 7,13; 8,13; 8,14
317: 1,6; 1,9; 1,10; 2,7; 2,9; 2,11; 3,8; 3,11; 3,12; 4,10; 4,13; 4,14; 5,11; 5,13; 5,14; 6,9; 6,13; 7,10; 7,12; 8,12; 8,14
318: 1,6; 1,9; 1,10; 2,7; 2,9; 2,11; 3,8; 3,12; 3,13; 4,10; 4,11; 4,12; 5,11; 5,13; 5,14; 6,9; 6,12; 7,10; 7,14; 8,13; 8,14
319: 1,6; 1,9; 1,10; 2,7; 2,9; 2,11; 3,8; 3,12; 3,13; 4,10; 4,11; 4,12; 5,11; 5,13; 5,14; 6,9; 6,14; 7,10; 7,12; 8,13; 8,14
320: 1,6; 1,9; 1,10; 2,7; 2,9; 2,12; 3,8; 3,11; 3,14; 4,10; 4,13; 4,14; 5,12; 5,13; 5,14; 6,9; 6,11; 7,10; 7,11; 8,12; 8,13
321: 1,6; 1,9; 1,10; 2,7; 2,9; 2,11; 3,8; 3,11; 3,12; 4,11; 4,12; 4,14; 5,12; 5,13; 5,14; 6,9; 6,10; 7,10; 7,13; 8,13; 8,14
322: 1,6; 1,9; 1,10; 2,7; 2,9; 2,11; 3,8; 3,11; 3,12; 4,11; 4,13; 4,14; 5,12; 5,13; 5,14; 6,9; 6,10; 7,10; 7,12; 8,13; 8,14
323: 1,6; 1,9; 1,10; 2,7; 2,9; 2,11; 3,8; 3,11; 3,12; 4,11; 4,13; 4,14; 5,12; 5,13; 5,14; 6,9; 6,10; 7,10; 7,13; 8,12; 8,14
324: 1,6; 1,9; 1,10; 2,7; 2,9; 2,11; 3,8; 3,11; 3,12; 4,12; 4,13; 4,14; 5,12; 5,13; 5,14; 6,9; 6,10; 7,10; 7,11; 8,13; 8,14
325: 1,6; 1,9; 1,10; 2,7; 2,9; 2,11; 3,8; 3,11; 3,12; 4,12; 4,13; 4,14; 5,12; 5,13; 5,14; 6,9; 6,10; 7,10; 7,13; 8,11; 8,14
326: 1,6; 1,9; 1,10; 2,7; 2,9; 2,11; 3,8; 3,10; 3,11; 4,11; 4,12; 4,14; 5,12; 5,13; 5,14; 6,9; 6,12; 7,13; 7,14; 8,10; 8,13
327: 1,6; 1,9; 1,10; 2,7; 2,9; 2,11; 3,8; 3,10; 3,11; 4,11; 4,13; 4,14; 5,12; 5,13; 5,14; 6,9; 6,12; 7,12; 7,13; 8,10; 8,14
328: 1,6; 1,9; 1,10; 2,7; 2,9; 2,11; 3,8; 3,10; 3,11; 4,12; 4,13; 4,14; 5,12; 5,13; 5,14; 6,9; 6,12; 7,11; 7,13; 8,10; 8,14
329: 1,6; 1,9; 1,10; 2,7; 2,9; 2,12; 3,8; 3,10; 3,11; 4,11; 4,13; 4,14; 5,12; 5,13; 5,14; 6,9; 6,13; 7,11; 7,12; 8,10; 8,14
330: 1,6; 1,9; 1,11; 2,7; 2,9; 2,10; 3,8; 3,10; 3,11; 4,11; 4,12; 4,13; 5,12; 5,13; 5,14; 6,9; 6,12; 7,13; 7,14; 8,10; 8,14
331: 1,6; 1,9; 1,11; 2,7; 2,9; 2,10; 3,8; 3,10; 3,11; 4,11; 4,13; 4,14; 5,12; 5,13; 5,14; 6,9; 6,12; 7,13; 7,14; 8,10; 8,12
332: 1,6; 1,9; 1,11; 2,7; 2,9; 2,10; 3,8; 3,10; 3,11; 4,12; 4,13; 4,14; 5,12; 5,13; 5,14; 6,9; 6,12; 7,11; 7,13; 8,10; 8,14
333: 1,6; 1,9; 1,10; 2,7; 2,10; 2,12; 3,8; 3,11; 3,13; 4,9; 4,10; 4,11; 5,12; 5,13; 5,14; 6,9; 6,11; 7,12; 7,14; 8,13; 8,14
334: 1,6; 1,9; 1,10; 2,7; 2,10; 2,13; 3,8; 3,11; 3,12; 4,9; 4,10; 4,11; 5,12; 5,13; 5,14; 6,9; 6,11; 7,12; 7,14; 8,13; 8,14
335: 1,6; 1,9; 1,10; 2,7; 2,10; 2,12; 3,8; 3,13; 3,14; 4,9; 4,10; 4,11; 5,11; 5,12; 5,13; 6,9; 6,14; 7,11; 7,12; 8,13; 8,14
336: 1,6; 1,9; 1,10; 2,7; 2,10; 2,12; 3,8; 3,12; 3,14; 4,9; 4,10; 4,11; 5,12; 5,13; 5,14; 6,9; 6,11; 7,11; 7,13; 8,13; 8,14
337: 1,6; 1,9; 1,10; 2,7; 2,10; 2,11; 3,8; 3,11; 3,14; 4,9; 4,11; 4,12; 5,10; 5,12; 5,14; 6,9; 6,13; 7,12; 7,13; 8,13; 8,14
338: 1,6; 1,9; 1,10; 2,7; 2,10; 2,11; 3,8; 3,11; 3,14; 4,9; 4,12; 4,13; 5,10; 5,12; 5,13; 6,9; 6,11; 7,12; 7,14; 8,13; 8,14
339: 1,6; 1,9; 1,10; 2,7; 2,10; 2,11; 3,8; 3,12; 3,14; 4,9; 4,11; 4,12; 5,10; 5,12; 5,13; 6,9; 6,13; 7,11; 7,14; 8,13; 8,14
340: 1,6; 1,9; 1,10; 2,7; 2,10; 2,11; 3,8; 3,12; 3,14; 4,9; 4,12; 4,13; 5,10; 5,11; 5,12; 6,9; 6,13; 7,11; 7,14; 8,13; 8,14
341: 1,6; 1,9; 1,10; 2,7; 2,10; 2,12; 3,8; 3,12; 3,14; 4,9; 4,11; 4,13; 5,10; 5,12; 5,13; 6,9; 6,11; 7,11; 7,14; 8,13; 8,14
342: 1,6; 1,9; 1,10; 2,7; 2,11; 2,12; 3,8; 3,11; 3,14; 4,9; 4,10; 4,11; 5,10; 5,12; 5,14; 6,9; 6,13; 7,12; 7,13; 8,13; 8,14
343: 1,6; 1,9; 1,10; 2,7; 2,11; 2,13; 3,8; 3,11; 3,12; 4,9; 4,10; 4,11; 5,10; 5,13; 5,14; 6,9; 6,12; 7,12; 7,14; 8,13; 8,14
344: 1,6; 1,9; 1,10; 2,7; 2,11; 2,12; 3,8; 3,13; 3,14; 4,9; 4,10; 4,11; 5,10; 5,12; 5,13; 6,9; 6,11; 7,12; 7,14; 8,13; 8,14
345: 1,6; 1,9; 1,10; 2,7; 2,11; 2,12; 3,8; 3,12; 3,14; 4,9; 4,10; 4,13; 5,10; 5,11; 5,12; 6,9; 6,11; 7,13; 7,14; 8,13; 8,14
346: 1,6; 1,9; 1,10; 2,7; 2,12; 2,13; 3,8; 3,12; 3,14; 4,9; 4,10; 4,11; 5,10; 5,11; 5,12; 6,9; 6,11; 7,13; 7,14; 8,13; 8,14
347: 1,6; 1,9; 1,10; 2,7; 2,11; 2,12; 3,8; 3,12; 3,13; 4,9; 4,10; 4,12; 5,10; 5,13; 5,14; 6,9; 6,11; 7,11; 7,14; 8,13; 8,14
348: 1,6; 1,9; 1,10; 2,7; 2,10; 2,11; 3,8; 3,11; 3,12; 4,9; 4,11; 4,14; 5,12; 5,13; 5,14; 6,9; 6,10; 7,12; 7,13; 8,13; 8,14
349: 1,6; 1,9; 1,10; 2,7; 2,10; 2,11; 3,8; 3,11; 3,14; 4,9; 4,11; 4,12; 5,12; 5,13; 5,14; 6,9; 6,10; 7,12; 7,13; 8,13; 8,14
350: 1,6; 1,9; 1,10; 2,7; 2,10; 2,11; 3,8; 3,11; 3,12; 4,9; 4,12; 4,14; 5,11; 5,13; 5,14; 6,9; 6,10; 7,12; 7,13; 8,13; 8,14
351: 1,6; 1,9; 1,10; 2,7; 2,10; 2,11; 3,8; 3,11; 3,12; 4,9; 4,13; 4,14; 5,11; 5,13; 5,14; 6,9; 6,10; 7,12; 7,13; 8,12; 8,14
352: 1,6; 1,9; 1,10; 2,7; 2,10; 2,11; 3,8; 3,12; 3,14; 4,9; 4,11; 4,12; 5,11; 5,13; 5,14; 6,9; 6,10; 7,12; 7,13; 8,13; 8,14
353: 1,6; 1,9; 1,10; 2,7; 2,10; 2,11; 3,8; 3,13; 3,14; 4,9; 4,11; 4,12; 5,11; 5,12; 5,14; 6,9; 6,10; 7,12; 7,13; 8,13; 8,14
354: 1,6; 1,9; 1,10; 2,7; 2,10; 2,11; 3,8; 3,11; 3,14; 4,9; 4,13; 4,14; 5,12; 5,13; 5,14; 6,9; 6,10; 7,11; 7,12; 8,12; 8,13
355: 1,6; 1,9; 1,10; 2,7; 2,10; 2,11; 3,8; 3,11; 3,12; 4,9; 4,13; 4,14; 5,12; 5,13; 5,14; 6,9; 6,10; 7,12; 7,13; 8,11; 8,14
356: 1,6; 1,9; 1,10; 2,7; 2,11; 2,12; 3,8; 3,11; 3,13; 4,9; 4,10; 4,11; 5,12; 5,13; 5,14; 6,9; 6,10; 7,12; 7,14; 8,13; 8,14
357: 1,6; 1,9; 1,10; 2,7; 2,11; 2,13; 3,8; 3,11; 3,12; 4,9; 4,10; 4,11; 5,12; 5,13; 5,14; 6,9; 6,10; 7,12; 7,14; 8,13; 8,14
358: 1,6; 1,9; 1,10; 2,7; 2,11; 2,13; 3,8; 3,11; 3,12; 4,9; 4,11; 4,12; 5,10; 5,13; 5,14; 6,9; 6,10; 7,12; 7,14; 8,13; 8,14
359: 1,6; 1,9; 1,10; 2,7; 2,11; 2,12; 3,8; 3,12; 3,14; 4,9; 4,11; 4,12; 5,10; 5,11; 5,13; 6,9; 6,10; 7,13; 7,14; 8,13; 8,14
360: 1,6; 1,9; 1,10; 2,7; 2,11; 2,13; 3,8; 3,12; 3,14; 4,9; 4,11; 4,12; 5,10; 5,11; 5,12; 6,9; 6,10; 7,13; 7,14; 8,13; 8,14
361: 1,6; 1,9; 1,10; 2,7; 2,11; 2,14; 3,8; 3,12; 3,14; 4,9; 4,11; 4,12; 5,10; 5,11; 5,13; 6,9; 6,10; 7,12; 7,13; 8,13; 8,14
362: 1,6; 1,9; 1,10; 2,7; 2,11; 2,12; 3,8; 3,12; 3,14; 4,9; 4,11; 4,13; 5,10; 5,12; 5,13; 6,9; 6,10; 7,11; 7,14; 8,13; 8,14
363: 1,6; 1,9; 1,10; 2,7; 2,11; 2,12; 3,8; 3,13; 3,14; 4,9; 4,11; 4,13; 5,10; 5,12; 5,14; 6,9; 6,10; 7,11; 7,12; 8,13; 8,14
364: 1,6; 1,9; 1,10; 2,7; 2,10; 2,11; 3,8; 3,12; 3,14; 4,9; 4,11; 4,12; 5,11; 5,12; 5,13; 6,9; 6,14; 7,10; 7,13; 8,13; 8,14
365: 1,6; 1,9; 1,10; 2,7; 2,10; 2,11; 3,8; 3,12; 3,13; 4,9; 4,11; 4,12; 5,11; 5,13; 5,14; 6,9; 6,14; 7,10; 7,12; 8,13; 8,14
366: 1,6; 1,9; 1,10; 2,7; 2,10; 2,11; 3,8; 3,11; 3,12; 4,9; 4,13; 4,14; 5,12; 5,13; 5,14; 6,9; 6,11; 7,10; 7,13; 8,12; 8,14
367: 1,6; 1,8; 1,10; 2,7; 2,9; 2,14; 3,8; 3,10; 3,11; 4,9; 4,12; 4,13; 5,10; 5,11; 5,12; 6,11; 6,14; 7,13; 7,14; 8,12; 9,13
368: 1,6; 1,8; 1,10; 2,7; 2,9; 2,14; 3,8; 3,10; 3,11; 4,9; 4,12; 4,13; 5,10; 5,11; 5,12; 6,12; 6,13; 7,13; 7,14; 8,11; 9,14
369: 1,6; 1,8; 1,10; 2,7; 2,9; 2,11; 3,8; 3,10; 3,14; 4,9; 4,11; 4,12; 5,11; 5,13; 5,14; 6,12; 6,13; 7,13; 7,14; 8,10; 9,12
370: 1,6; 1,8; 1,10; 2,7; 2,9; 2,14; 3,8; 3,10; 3,11; 4,9; 4,11; 4,12; 5,11; 5,12; 5,13; 6,12; 6,13; 7,13; 7,14; 8,10; 9,14
371: 1,6; 1,8; 1,10; 2,7; 2,9; 2,14; 3,8; 3,10; 3,11; 4,9; 4,12; 4,13; 5,11; 5,12; 5,13; 6,11; 6,12; 7,13; 7,14; 8,10; 9,14
372: 1,6; 1,8; 1,10; 2,7; 2,9; 2,11; 3,8; 3,11; 3,14; 4,9; 4,11; 4,12; 5,10; 5,12; 5,13; 6,13; 6,14; 7,13; 7,14; 8,10; 9,12
373: 1,6; 1,8; 1,10; 2,7; 2,9; 2,11; 3,8; 3,12; 3,13; 4,9; 4,11; 4,12; 5,10; 5,13; 5,14; 6,13; 6,14; 7,11; 7,14; 8,10; 9,12
374: 1,6; 1,8; 1,10; 2,7; 2,10; 2,11; 3,8; 3,9; 3,13; 4,9; 4,11; 4,14; 5,10; 5,12; 5,13; 6,12; 6,14; 7,13; 7,14; 8,11; 9,12
375: 1,6; 1,8; 1,10; 2,7; 2,10; 2,11; 3,8; 3,9; 3,13; 4,9; 4,11; 4,12; 5,11; 5,13; 5,14; 6,12; 6,14; 7,13; 7,14; 8,10; 9,12
376: 1,6; 1,8; 1,10; 2,7; 2,10; 2,14; 3,8; 3,9; 3,11; 4,9; 4,11; 4,12; 5,11; 5,13; 5,14; 6,13; 6,14; 7,12; 7,13; 8,10; 9,12
377: 1,6; 1,8; 1,10; 2,7; 2,10; 2,11; 3,8; 3,9; 3,12; 4,9; 4,13; 4,14; 5,11; 5,12; 5,14; 6,11; 6,13; 7,12; 7,13; 8,10; 9,14
378: 1,6; 1,8; 1,10; 2,7; 2,10; 2,12; 3,8; 3,9; 3,13; 4,9; 4,12; 4,14; 5,11; 5,12; 5,13; 6,11; 6,14; 7,13; 7,14; 8,10; 9,11
379: 1,6; 1,8; 1,10; 2,7; 2,10; 2,14; 3,8; 3,9; 3,12; 4,9; 4,12; 4,13; 5,11; 5,12; 5,13; 6,11; 6,14; 7,13; 7,14; 8,10; 9,11
380: 1,6; 1,8; 1,10; 2,7; 2,10; 2,13; 3,8; 3,9; 3,12; 4,9; 4,13; 4,14; 5,12; 5,13; 5,14; 6,11; 6,14; 7,11; 7,12; 8,10; 9,11
381: 1,6; 1,8; 1,10; 2,7; 2,10; 2,11; 3,8; 3,10; 3,12; 4,9; 4,11; 4,12; 5,9; 5,12; 5,13; 6,13; 6,14; 7,13; 7,14; 8,11; 9,14
382: 1,6; 1,8; 1,10; 2,7; 2,10; 2,11; 3,8; 3,10; 3,12; 4,9; 4,11; 4,13; 5,9; 5,13; 5,14; 6,12; 6,13; 7,12; 7,14; 8,11; 9,14
383: 1,6; 1,8; 1,10; 2,7; 2,10; 2,11; 3,8; 3,10; 3,12; 4,9; 4,12; 4,13; 5,9; 5,13; 5,14; 6,12; 6,13; 7,11; 7,14; 8,11; 9,14
384: 1,6; 1,8; 1,10; 2,7; 2,10; 2,11; 3,8; 3,10; 3,12; 4,9; 4,12; 4,13; 5,9; 5,13; 5,14; 6,12; 6,14; 7,11; 7,13; 8,11; 9,14
385: 1,6; 1,8; 1,10; 2,7; 2,10; 2,11; 3,8; 3,10; 3,13; 4,9; 4,12; 4,13; 5,9; 5,13; 5,14; 6,12; 6,14; 7,11; 7,12; 8,11; 9,14
386: 1,6; 1,8; 1,10; 2,7; 2,10; 2,14; 3,8; 3,13; 3,14; 4,9; 4,10; 4,11; 5,9; 5,11; 5,12; 6,11; 6,12; 7,12; 7,13; 8,14; 9,13
387: 1,6; 1,8; 1,10; 2,7; 2,10; 2,11; 3,8; 3,12; 3,14; 4,9; 4,10; 4,12; 5,9; 5,11; 5,13; 6,13; 6,14; 7,12; 7,13; 8,11; 9,14
388: 1,6; 1,8; 1,10; 2,7; 2,11; 2,12; 3,8; 3,10; 3,13; 4,9; 4,10; 4,11; 5,9; 5,13; 5,14; 6,12; 6,13; 7,12; 7,14; 8,11; 9,14
389: 1,6; 1,8; 1,10; 2,7; 2,12; 2,13; 3,8; 3,10; 3,11; 4,9; 4,10; 4,14; 5,9; 5,11; 5,12; 6,13; 6,14; 7,13; 7,14; 8,11; 9,12
390: 1,6; 1,8; 1,10; 2,7; 2,12; 2,13; 3,8; 3,10; 3,12; 4,9; 4,10; 4,11; 5,9; 5,11; 5,12; 6,13; 6,14; 7,13; 7,14; 8,11; 9,14
391: 1,6; 1,8; 1,14; 2,7; 2,10; 2,12; 3,8; 3,12; 3,13; 4,9; 4,10; 4,11; 5,9; 5,10; 5,11; 6,13; 6,14; 7,11; 7,14; 8,13; 9,12
392: 1,6; 1,8; 1,10; 2,7; 2,10; 2,11; 3,8; 3,11; 3,12; 4,9; 4,12; 4,13; 5,9; 5,13; 5,14; 6,10; 6,12; 7,11; 7,14; 8,13; 9,14
393: 1,6; 1,8; 1,10; 2,7; 2,10; 2,11; 3,8; 3,11; 3,12; 4,9; 4,12; 4,13; 5,9; 5,13; 5,14; 6,10; 6,13; 7,11; 7,14; 8,12; 9,14
394: 1,6; 1,8; 1,10; 2,7; 2,10; 2,11; 3,8; 3,13; 3,14; 4,9; 4,11; 4,12; 5,9; 5,12; 5,13; 6,10; 6,12; 7,13; 7,14; 8,11; 9,14
395: 1,6; 1,8; 1,10; 2,7; 2,10; 2,11; 3,8; 3,12; 3,13; 4,9; 4,11; 4,13; 5,9; 5,13; 5,14; 6,10; 6,12; 7,12; 7,14; 8,11; 9,14
396: 1,6; 1,8; 1,10; 2,7; 2,11; 2,12; 3,8; 3,10; 3,11; 4,9; 4,12; 4,13; 5,9; 5,13; 5,14; 6,10; 6,11; 7,12; 7,14; 8,13; 9,14
397: 1,6; 1,8; 1,10; 2,7; 2,11; 2,12; 3,8; 3,10; 3,11; 4,9; 4,13; 4,14; 5,9; 5,13; 5,14; 6,10; 6,11; 7,12; 7,13; 8,12; 9,14
398: 1,6; 1,8; 1,10; 2,7; 2,11; 2,13; 3,8; 3,10; 3,11; 4,9; 4,12; 4,13; 5,9; 5,13; 5,14; 6,10; 6,11; 7,12; 7,14; 8,12; 9,14
399: 1,6; 1,8; 1,10; 2,7; 2,12; 2,14; 3,8; 3,10; 3,11; 4,9; 4,11; 4,12; 5,9; 5,12; 5,13; 6,10; 6,11; 7,13; 7,14; 8,13; 9,14
400: 1,6; 1,8; 1,10; 2,7; 2,12; 2,13; 3,8; 3,10; 3,11; 4,9; 4,11; 4,12; 5,9; 5,13; 5,14; 6,10; 6,11; 7,12; 7,14; 8,13; 9,14
401: 1,6; 1,8; 1,10; 2,7; 2,11; 2,12; 3,8; 3,10; 3,11; 4,9; 4,12; 4,13; 5,9; 5,13; 5,14; 6,10; 6,12; 7,13; 7,14; 8,11; 9,14
402: 1,6; 1,8; 1,10; 2,7; 2,11; 2,12; 3,8; 3,10; 3,11; 4,9; 4,12; 4,13; 5,9; 5,13; 5,14; 6,10; 6,14; 7,12; 7,13; 8,11; 9,14
403: 1,6; 1,8; 1,10; 2,7; 2,11; 2,12; 3,8; 3,10; 3,11; 4,9; 4,13; 4,14; 5,9; 5,13; 5,14; 6,10; 6,12; 7,12; 7,13; 8,11; 9,14
404: 1,6; 1,8; 1,10; 2,7; 2,12; 2,13; 3,8; 3,10; 3,11; 4,9; 4,11; 4,12; 5,9; 5,13; 5,14; 6,10; 6,12; 7,13; 7,14; 8,11; 9,14
405: 1,6; 1,8; 1,10; 2,7; 2,13; 2,14; 3,8; 3,10; 3,11; 4,9; 4,11; 4,12; 5,9; 5,12; 5,13; 6,10; 6,12; 7,13; 7,14; 8,11; 9,14
406: 1,6; 1,8; 1,10; 2,7; 2,12; 2,14; 3,8; 3,10; 3,11; 4,9; 4,11; 4,12; 5,9; 5,13; 5,14; 6,10; 6,13; 7,13; 7,14; 8,11; 9,12
407: 1,6; 1,8; 1,10; 2,7; 2,12; 2,14; 3,8; 3,10; 3,11; 4,9; 4,11; 4,14; 5,9; 5,12; 5,13; 6,10; 6,13; 7,13; 7,14; 8,11; 9,12
408: 1,6; 1,8; 1,10; 2,7; 2,10; 2,11; 3,8; 3,11; 3,12; 4,9; 4,12; 4,13; 5,9; 5,13; 5,14; 6,11; 6,13; 7,10; 7,14; 8,12; 9,14
409: 1,6; 1,8; 1,10; 2,7; 2,10; 2,11; 3,8; 3,11; 3,12; 4,9; 4,12; 4,13; 5,9; 5,13; 5,14; 6,12; 6,14; 7,10; 7,13; 8,11; 9,14
410: 1,6; 1,8; 1,10; 2,7; 2,10; 2,11; 3,8; 3,12; 3,13; 4,9; 4,11; 4,12; 5,9; 5,13; 5,14; 6,12; 6,14; 7,10; 7,13; 8,11; 9,14
411: 1,6; 1,8; 1,13; 2,7; 2,10; 2,11; 3,8; 3,10; 3,11; 4,9; 4,12; 4,13; 5,9; 5,13; 5,14; 6,11; 6,12; 7,10; 7,14; 8,12; 9,14
412: 1,6; 1,8; 1,12; 2,7; 2,10; 2,11; 3,8; 3,10; 3,13; 4,9; 4,12; 4,14; 5,9; 5,13; 5,14; 6,11; 6,13; 7,10; 7,11; 8,12; 9,14
413: 1,6; 1,8; 1,10; 2,7; 2,10; 2,11; 3,8; 3,11; 3,12; 4,9; 4,11; 4,13; 5,9; 5,13; 5,14; 6,12; 6,13; 7,12; 7,14; 8,10; 9,14
414: 1,6; 1,8; 1,10; 2,7; 2,10; 2,11; 3,8; 3,11; 3,13; 4,9; 4,11; 4,12; 5,9; 5,13; 5,14; 6,12; 6,13; 7,12; 7,14; 8,10; 9,14
415: 1,6; 1,8; 1,10; 2,7; 2,10; 2,11; 3,8; 3,11; 3,12; 4,9; 4,12; 4,13; 5,9; 5,13; 5,14; 6,12; 6,14; 7,11; 7,13; 8,10; 9,14
416: 1,6; 1,8; 1,10; 2,7; 2,10; 2,11; 3,8; 3,12; 3,13; 4,9; 4,11; 4,12; 5,9; 5,13; 5,14; 6,12; 6,13; 7,11; 7,14; 8,10; 9,14
417: 1,6; 1,8; 1,10; 2,7; 2,10; 2,14; 3,8; 3,11; 3,13; 4,9; 4,11; 4,12; 5,9; 5,12; 5,13; 6,12; 6,14; 7,13; 7,14; 8,10; 9,11
418: 1,6; 1,8; 1,10; 2,7; 2,11; 2,12; 3,8; 3,11; 3,14; 4,9; 4,10; 4,11; 5,9; 5,13; 5,14; 6,12; 6,13; 7,12; 7,13; 8,10; 9,14
419: 1,6; 1,8; 1,10; 2,7; 2,11; 2,14; 3,8; 3,11; 3,12; 4,9; 4,10; 4,11; 5,9; 5,13; 5,14; 6,12; 6,13; 7,12; 7,13; 8,10; 9,14
420: 1,6; 1,8; 1,10; 2,7; 2,12; 2,14; 3,8; 3,11; 3,13; 4,9; 4,10; 4,11; 5,9; 5,11; 5,12; 6,12; 6,13; 7,13; 7,14; 8,10; 9,14
421: 1,6; 1,8; 1,10; 2,7; 2,12; 2,13; 3,8; 3,11; 3,14; 4,9; 4,10; 4,11; 5,9; 5,11; 5,12; 6,13; 6,14; 7,13; 7,14; 8,10; 9,12
422: 1,6; 1,8; 1,10; 2,7; 2,12; 2,14; 3,8; 3,11; 3,12; 4,9; 4,10; 4,11; 5,9; 5,12; 5,13; 6,11; 6,13; 7,13; 7,14; 8,10; 9,14
423: 1,6; 1,8; 1,10; 2,7; 2,11; 2,12; 3,8; 3,13; 3,14; 4,9; 4,10; 4,11; 5,9; 5,12; 5,14; 6,13; 6,14; 7,11; 7,12; 8,10; 9,13
424: 1,6; 1,8; 1,10; 2,7; 2,11; 2,12; 3,8; 3,11; 3,14; 4,9; 4,10; 4,12; 5,9; 5,13; 5,14; 6,13; 6,14; 7,12; 7,13; 8,10; 9,11
425: 1,6; 1,8; 1,10; 2,7; 2,11; 2,12; 3,8; 3,13; 3,14; 4,9; 4,10; 4,12; 5,9; 5,11; 5,13; 6,13; 6,14; 7,12; 7,14; 8,10; 9,11
426: 1,6; 1,8; 1,10; 2,7; 2,12; 2,13; 3,8; 3,11; 3,12; 4,9; 4,10; 4,14; 5,9; 5,11; 5,12; 6,13; 6,14; 7,13; 7,14; 8,10; 9,11
427: 1,6; 1,8; 1,10; 2,7; 2,11; 2,12; 3,8; 3,13; 3,14; 4,9; 4,10; 4,12; 5,9; 5,12; 5,13; 6,13; 6,14; 7,11; 7,14; 8,10; 9,11
428: 1,6; 1,8; 1,14; 2,7; 2,10; 2,11; 3,8; 3,11; 3,12; 4,9; 4,10; 4,11; 5,9; 5,12; 5,13; 6,13; 6,14; 7,12; 7,13; 8,14; 9,10
429: 1,6; 1,8; 1,14; 2,7; 2,10; 2,11; 3,8; 3,11; 3,12; 4,9; 4,10; 4,11; 5,9; 5,12; 5,13; 6,13; 6,14; 7,12; 7,14; 8,13; 9,10
430: 1,6; 1,8; 1,14; 2,7; 2,10; 2,11; 3,8; 3,11; 3,12; 4,9; 4,10; 4,11; 5,9; 5,12; 5,14; 6,13; 6,14; 7,12; 7,13; 8,13; 9,10
431: 1,6; 1,8; 1,14; 2,7; 2,12; 2,14; 3,8; 3,10; 3,11; 4,9; 4,10; 4,12; 5,9; 5,11; 5,13; 6,11; 6,12; 7,13; 7,14; 8,13; 9,10
432: 1,6; 1,8; 1,14; 2,7; 2,12; 2,14; 3,8; 3,11; 3,13; 4,9; 4,10; 4,11; 5,9; 5,10; 5,11; 6,12; 6,13; 7,13; 7,14; 8,12; 9,10
433: 1,6; 1,8; 1,14; 2,7; 2,12; 2,13; 3,8; 3,11; 3,13; 4,9; 4,10; 4,11; 5,9; 5,10; 5,11; 6,13; 6,14; 7,12; 7,14; 8,12; 9,10
434: 1,6; 1,8; 1,14; 2,7; 2,11; 2,12; 3,8; 3,12; 3,13; 4,9; 4,10; 4,11; 5,9; 5,10; 5,14; 6,13; 6,14; 7,11; 7,12; 8,13; 9,10
435: 1,6; 1,8; 1,14; 2,7; 2,12; 2,14; 3,8; 3,10; 3,11; 4,9; 4,11; 4,12; 5,9; 5,11; 5,13; 6,10; 6,12; 7,13; 7,14; 8,13; 9,10
436: 1,6; 1,8; 1,10; 2,7; 2,10; 2,12; 3,8; 3,9; 3,11; 4,12; 4,13; 4,14; 5,12; 5,13; 5,14; 6,9; 6,10; 7,11; 7,14; 8,11; 9,13
437: 1,6; 1,10; 1,11; 2,7; 2,10; 2,14; 3,8; 3,9; 3,10; 4,8; 4,12; 4,13; 5,9; 5,11; 5,12; 6,12; 6,14; 7,13; 7,14; 8,11; 9,13
438: 1,6; 1,10; 1,11; 2,7; 2,10; 2,13; 3,8; 3,9; 3,10; 4,8; 4,13; 4,14; 5,9; 5,11; 5,12; 6,12; 6,13; 7,12; 7,14; 8,11; 9,14
439: 1,6; 1,10; 1,11; 2,7; 2,10; 2,14; 3,8; 3,9; 3,10; 4,8; 4,12; 4,13; 5,9; 5,11; 5,13; 6,12; 6,14; 7,13; 7,14; 8,11; 9,12
440: 1,6; 1,10; 1,11; 2,7; 2,11; 2,13; 3,8; 3,9; 3,10; 4,8; 4,10; 4,12; 5,9; 5,13; 5,14; 6,13; 6,14; 7,12; 7,14; 8,11; 9,12
441: 1,6; 1,10; 1,11; 2,7; 2,12; 2,13; 3,8; 3,9; 3,10; 4,8; 4,10; 4,12; 5,9; 5,11; 5,12; 6,13; 6,14; 7,13; 7,14; 8,11; 9,14
442: 1,6; 1,10; 1,11; 2,7; 2,12; 2,13; 3,8; 3,9; 3,10; 4,8; 4,10; 4,12; 5,9; 5,11; 5,14; 6,13; 6,14; 7,13; 7,14; 8,11; 9,12
443: 1,6; 1,10; 1,12; 2,7; 2,12; 2,14; 3,8; 3,9; 3,10; 4,8; 4,10; 4,11; 5,9; 5,11; 5,13; 6,13; 6,14; 7,13; 7,14; 8,11; 9,12
444: 1,6; 1,10; 1,14; 2,7; 2,12; 2,14; 3,8; 3,9; 3,10; 4,8; 4,10; 4,11; 5,9; 5,11; 5,13; 6,12; 6,13; 7,13; 7,14; 8,11; 9,12
445: 1,6; 1,10; 1,11; 2,7; 2,11; 2,13; 3,8; 3,9; 3,10; 4,8; 4,10; 4,12; 5,9; 5,13; 5,14; 6,12; 6,13; 7,12; 7,14; 8,14; 9,11
446: 1,6; 1,11; 1,14; 2,7; 2,12; 2,14; 3,8; 3,9; 3,10; 4,8; 4,10; 4,11; 5,9; 5,10; 5,12; 6,12; 6,13; 7,13; 7,14; 8,11; 9,13
447: 1,6; 1,10; 1,11; 2,7; 2,10; 2,12; 3,8; 3,9; 3,14; 4,8; 4,12; 4,13; 5,9; 5,13; 5,14; 6,10; 6,11; 7,11; 7,12; 8,13; 9,14
448: 1,6; 1,10; 1,11; 2,7; 2,11; 2,14; 3,8; 3,9; 3,10; 4,8; 4,11; 4,12; 5,9; 5,12; 5,13; 6,10; 6,14; 7,13; 7,14; 8,12; 9,13
449: 1,6; 1,10; 1,11; 2,7; 2,12; 2,14; 3,8; 3,9; 3,10; 4,8; 4,11; 4,12; 5,9; 5,11; 5,13; 6,10; 6,14; 7,13; 7,14; 8,12; 9,13
450: 1,6; 1,10; 1,11; 2,7; 2,12; 2,14; 3,8; 3,9; 3,10; 4,8; 4,11; 4,13; 5,9; 5,11; 5,12; 6,10; 6,14; 7,13; 7,14; 8,12; 9,13
451: 1,6; 1,10; 1,11; 2,7; 2,11; 2,12; 3,8; 3,9; 3,10; 4,8; 4,12; 4,14; 5,9; 5,13; 5,14; 6,10; 6,13; 7,12; 7,13; 8,11; 9,14
452: 1,6; 1,10; 1,11; 2,7; 2,12; 2,14; 3,8; 3,9; 3,14; 4,8; 4,10; 4,12; 5,9; 5,11; 5,13; 6,10; 6,11; 7,13; 7,14; 8,12; 9,13
453: 1,6; 1,10; 1,11; 2,7; 2,11; 2,14; 3,8; 3,9; 3,10; 4,8; 4,12; 4,13; 5,9; 5,11; 5,12; 6,12; 6,14; 7,13; 7,14; 8,10; 9,13
454: 1,6; 1,10; 1,11; 2,7; 2,12; 2,13; 3,8; 3,9; 3,10; 4,8; 4,11; 4,12; 5,9; 5,11; 5,14; 6,13; 6,14; 7,13; 7,14; 8,10; 9,12
455: 1,6; 1,10; 1,11; 2,7; 2,11; 2,13; 3,8; 3,9; 3,10; 4,8; 4,12; 4,14; 5,9; 5,13; 5,14; 6,11; 6,12; 7,12; 7,13; 8,10; 9,14
456: 1,6; 1,10; 1,11; 2,7; 2,12; 2,14; 3,8; 3,9; 3,10; 4,8; 4,12; 4,13; 5,9; 5,11; 5,12; 6,11; 6,14; 7,13; 7,14; 8,10; 9,13
457: 1,6; 1,10; 1,11; 2,7; 2,11; 2,12; 3,8; 3,9; 3,10; 4,8; 4,12; 4,14; 5,9; 5,13; 5,14; 6,12; 6,13; 7,11; 7,13; 8,10; 9,14
458: 1,6; 1,10; 1,11; 2,7; 2,11; 2,12; 3,8; 3,9; 3,10; 4,8; 4,12; 4,14; 5,9; 5,12; 5,13; 6,13; 6,14; 7,13; 7,14; 8,10; 9,11
459: 1,6; 1,10; 1,11; 2,7; 2,11; 2,14; 3,8; 3,9; 3,10; 4,8; 4,12; 4,13; 5,9; 5,12; 5,13; 6,12; 6,14; 7,13; 7,14; 8,10; 9,11
460: 1,6; 1,10; 1,11; 2,7; 2,11; 2,12; 3,8; 3,9; 3,10; 4,8; 4,12; 4,13; 5,9; 5,13; 5,14; 6,13; 6,14; 7,12; 7,14; 8,10; 9,11
461: 1,6; 1,10; 1,12; 2,7; 2,11; 2,14; 3,8; 3,9; 3,11; 4,8; 4,10; 4,13; 5,9; 5,12; 5,13; 6,11; 6,12; 7,13; 7,14; 8,10; 9,14
462: 1,6; 1,10; 1,12; 2,7; 2,11; 2,14; 3,8; 3,9; 3,11; 4,8; 4,10; 4,14; 5,9; 5,12; 5,13; 6,11; 6,12; 7,13; 7,14; 8,10; 9,13
463: 1,6; 1,10; 1,13; 2,7; 2,11; 2,12; 3,8; 3,9; 3,14; 4,8; 4,10; 4,11; 5,9; 5,13; 5,14; 6,12; 6,13; 7,11; 7,12; 8,10; 9,14
464: 1,6; 1,10; 1,14; 2,7; 2,11; 2,13; 3,8; 3,9; 3,12; 4,8; 4,13; 4,14; 5,9; 5,10; 5,11; 6,11; 6,12; 7,12; 7,14; 8,10; 9,13
465: 1,6; 1,10; 1,13; 2,7; 2,11; 2,12; 3,8; 3,9; 3,11; 4,8; 4,13; 4,14; 5,9; 5,10; 5,12; 6,12; 6,14; 7,11; 7,13; 8,10; 9,14
466: 1,6; 1,10; 1,13; 2,7; 2,11; 2,14; 3,8; 3,9; 3,14; 4,8; 4,11; 4,12; 5,9; 5,10; 5,12; 6,12; 6,13; 7,13; 7,14; 8,10; 9,11
467: 1,6; 1,11; 1,13; 2,7; 2,11; 2,12; 3,8; 3,9; 3,10; 4,8; 4,13; 4,14; 5,9; 5,10; 5,11; 6,12; 6,14; 7,13; 7,14; 8,10; 9,12
468: 1,6; 1,11; 1,12; 2,7; 2,12; 2,14; 3,8; 3,9; 3,10; 4,8; 4,11; 4,12; 5,9; 5,10; 5,11; 6,13; 6,14; 7,13; 7,14; 8,10; 9,13
469: 1,6; 1,11; 1,12; 2,7; 2,12; 2,14; 3,8; 3,9; 3,10; 4,8; 4,11; 4,13; 5,9; 5,10; 5,11; 6,13; 6,14; 7,13; 7,14; 8,10; 9,12
470: 1,6; 1,11; 1,12; 2,7; 2,12; 2,14; 3,8; 3,9; 3,10; 4,8; 4,12; 4,13; 5,9; 5,10; 5,11; 6,13; 6,14; 7,13; 7,14; 8,10; 9,11
471: 1,6; 1,11; 1,12; 2,7; 2,13; 2,14; 3,8; 3,9; 3,10; 4,8; 4,12; 4,13; 5,9; 5,10; 5,11; 6,12; 6,14; 7,13; 7,14; 8,10; 9,11
472: 1,6; 1,12; 1,13; 2,7; 2,12; 2,14; 3,8; 3,9; 3,10; 4,8; 4,11; 4,12; 5,9; 5,10; 5,11; 6,13; 6,14; 7,13; 7,14; 8,10; 9,11
473: 1,6; 1,11; 1,14; 2,7; 2,12; 2,13; 3,8; 3,9; 3,11; 4,8; 4,10; 4,12; 5,9; 5,10; 5,11; 6,13; 6,14; 7,12; 7,13; 8,10; 9,14
474: 1,6; 1,11; 1,14; 2,7; 2,12; 2,13; 3,8; 3,9; 3,11; 4,8; 4,10; 4,14; 5,9; 5,10; 5,11; 6,13; 6,14; 7,12; 7,13; 8,10; 9,12
475: 1,6; 1,10; 1,11; 2,7; 2,11; 2,14; 3,8; 3,9; 3,11; 4,8; 4,12; 4,13; 5,9; 5,12; 5,13; 6,10; 6,12; 7,13; 7,14; 8,10; 9,14
476: 1,6; 1,10; 1,11; 2,7; 2,11; 2,12; 3,8; 3,9; 3,11; 4,8; 4,12; 4,14; 5,9; 5,13; 5,14; 6,10; 6,13; 7,12; 7,13; 8,10; 9,14
477: 1,6; 1,10; 1,11; 2,7; 2,11; 2,14; 3,8; 3,9; 3,11; 4,8; 4,12; 4,13; 5,9; 5,12; 5,14; 6,10; 6,13; 7,13; 7,14; 8,10; 9,12
478: 1,6; 1,10; 1,11; 2,7; 2,13; 2,14; 3,8; 3,9; 3,11; 4,8; 4,12; 4,13; 5,9; 5,11; 5,12; 6,10; 6,14; 7,13; 7,14; 8,10; 9,12
479: 1,6; 1,10; 1,11; 2,7; 2,12; 2,13; 3,8; 3,9; 3,11; 4,8; 4,13; 4,14; 5,9; 5,11; 5,14; 6,10; 6,12; 7,13; 7,14; 8,10; 9,12
480: 1,6; 1,8; 1,10; 2,7; 2,9; 2,14; 3,9; 3,10; 3,11; 4,11; 4,12; 4,13; 5,11; 5,12; 5,13; 6,8; 6,10; 7,13; 7,14; 8,12; 9,14
481: 1,6; 1,8; 1,10; 2,7; 2,10; 2,11; 3,9; 3,11; 3,12; 4,9; 4,13; 4,14; 5,11; 5,12; 5,13; 6,8; 6,10; 7,12; 7,14; 8,13; 9,14
482: 1,6; 1,8; 1,10; 2,7; 2,10; 2,11; 3,9; 3,12; 3,14; 4,9; 4,13; 4,14; 5,11; 5,12; 5,13; 6,8; 6,10; 7,12; 7,13; 8,11; 9,14
483: 1,6; 1,8; 1,10; 2,7; 2,10; 2,12; 3,9; 3,13; 3,14; 4,9; 4,13; 4,14; 5,11; 5,12; 5,13; 6,8; 6,10; 7,11; 7,12; 8,11; 9,14
484: 1,6; 1,8; 1,10; 2,7; 2,11; 2,12; 3,9; 3,10; 3,11; 4,9; 4,12; 4,13; 5,11; 5,13; 5,14; 6,8; 6,10; 7,13; 7,14; 8,12; 9,14
485: 1,6; 1,8; 1,10; 2,7; 2,11; 2,13; 3,9; 3,10; 3,11; 4,9; 4,13; 4,14; 5,11; 5,12; 5,14; 6,8; 6,10; 7,12; 7,13; 8,12; 9,14
486: 1,6; 1,8; 1,10; 2,7; 2,12; 2,13; 3,9; 3,10; 3,11; 4,9; 4,11; 4,12; 5,11; 5,13; 5,14; 6,8; 6,10; 7,13; 7,14; 8,14; 9,12
487: 1,6; 1,8; 1,10; 2,7; 2,11; 2,12; 3,9; 3,10; 3,11; 4,9; 4,12; 4,14; 5,12; 5,13; 5,14; 6,8; 6,10; 7,13; 7,14; 8,11; 9,13
488: 1,6; 1,8; 1,10; 2,7; 2,11; 2,12; 3,9; 3,10; 3,11; 4,9; 4,13; 4,14; 5,12; 5,13; 5,14; 6,8; 6,10; 7,12; 7,14; 8,11; 9,13
489: 1,6; 1,8; 1,10; 2,7; 2,12; 2,14; 3,9; 3,10; 3,14; 4,9; 4,11; 4,13; 5,11; 5,12; 5,13; 6,8; 6,10; 7,13; 7,14; 8,11; 9,12
490: 1,6; 1,8; 1,10; 2,7; 2,12; 2,13; 3,9; 3,10; 3,12; 4,9; 4,11; 4,12; 5,11; 5,13; 5,14; 6,8; 6,10; 7,13; 7,14; 8,14; 9,11
491: 1,6; 1,8; 1,10; 2,7; 2,13; 2,14; 3,9; 3,10; 3,12; 4,9; 4,11; 4,12; 5,11; 5,12; 5,13; 6,8; 6,10; 7,13; 7,14; 8,14; 9,11
492: 1,6; 1,8; 1,10; 2,7; 2,12; 2,13; 3,9; 3,10; 3,14; 4,9; 4,11; 4,12; 5,11; 5,13; 5,14; 6,8; 6,10; 7,13; 7,14; 8,12; 9,11
493: 1,6; 1,8; 1,10; 2,7; 2,11; 2,12; 3,9; 3,11; 3,13; 4,9; 4,13; 4,14; 5,10; 5,12; 5,13; 6,8; 6,10; 7,12; 7,14; 8,11; 9,14
494: 1,6; 1,8; 1,10; 2,7; 2,11; 2,13; 3,9; 3,11; 3,12; 4,9; 4,13; 4,14; 5,10; 5,12; 5,13; 6,8; 6,10; 7,12; 7,14; 8,11; 9,14
495: 1,6; 1,8; 1,10; 2,7; 2,12; 2,14; 3,9; 3,11; 3,12; 4,9; 4,11; 4,13; 5,10; 5,12; 5,13; 6,8; 6,10; 7,13; 7,14; 8,11; 9,14
496: 1,6; 1,8; 1,10; 2,7; 2,11; 2,12; 3,9; 3,12; 3,13; 4,9; 4,13; 4,14; 5,10; 5,11; 5,13; 6,8; 6,10; 7,12; 7,14; 8,11; 9,14
497: 1,6; 1,8; 1,10; 2,7; 2,11; 2,12; 3,9; 3,13; 3,14; 4,9; 4,13; 4,14; 5,10; 5,11; 5,12; 6,8; 6,10; 7,12; 7,13; 8,11; 9,14
498: 1,6; 1,8; 1,10; 2,7; 2,11; 2,13; 3,9; 3,12; 3,13; 4,9; 4,13; 4,14; 5,10; 5,11; 5,12; 6,8; 6,10; 7,12; 7,14; 8,11; 9,14
499: 1,6; 1,8; 1,10; 2,7; 2,12; 2,14; 3,9; 3,11; 3,12; 4,9; 4,12; 4,13; 5,10; 5,11; 5,13; 6,8; 6,10; 7,13; 7,14; 8,11; 9,14
500: 1,6; 1,8; 1,10; 2,7; 2,12; 2,13; 3,9; 3,11; 3,12; 4,9; 4,13; 4,14; 5,10; 5,11; 5,13; 6,8; 6,10; 7,12; 7,14; 8,11; 9,14
501: 1,6; 1,8; 1,10; 2,7; 2,13; 2,14; 3,9; 3,11; 3,12; 4,9; 4,11; 4,12; 5,10; 5,12; 5,13; 6,8; 6,10; 7,13; 7,14; 8,14; 9,11
502: 1,6; 1,8; 1,10; 2,7; 2,12; 2,13; 3,9; 3,11; 3,12; 4,9; 4,11; 4,14; 5,10; 5,13; 5,14; 6,8; 6,10; 7,13; 7,14; 8,12; 9,11
503: 1,5; 1,9; 1,10; 2,6; 2,10; 2,11; 3,7; 3,11; 3,12; 4,8; 4,11; 4,14; 5,9; 5,10; 6,12; 6,14; 7,12; 7,13; 8,13; 8,14; 9,13
504: 1,5; 1,9; 1,10; 2,6; 2,10; 2,11; 3,7; 3,11; 3,12; 4,8; 4,12; 4,14; 5,9; 5,10; 6,11; 6,14; 7,12; 7,13; 8,13; 8,14; 9,13
505: 1,5; 1,9; 1,10; 2,6; 2,10; 2,11; 3,7; 3,11; 3,12; 4,8; 4,13; 4,14; 5,9; 5,10; 6,12; 6,13; 7,11; 7,12; 8,13; 8,14; 9,14
506: 1,5; 1,9; 1,10; 2,6; 2,10; 2,11; 3,7; 3,11; 3,12; 4,8; 4,13; 4,14; 5,9; 5,10; 6,12; 6,13; 7,12; 7,14; 8,13; 8,14; 9,11
507: 1,5; 1,9; 1,10; 2,6; 2,10; 2,11; 3,7; 3,12; 3,13; 4,8; 4,12; 4,14; 5,9; 5,10; 6,11; 6,12; 7,13; 7,14; 8,13; 8,14; 9,11
508: 1,5; 1,9; 1,10; 2,6; 2,10; 2,14; 3,7; 3,11; 3,13; 4,8; 4,12; 4,14; 5,9; 5,10; 6,11; 6,12; 7,12; 7,13; 8,13; 8,14; 9,11
509: 1,5; 1,9; 1,10; 2,6; 2,10; 2,14; 3,7; 3,11; 3,12; 4,8; 4,12; 4,14; 5,9; 5,10; 6,12; 6,13; 7,11; 7,13; 8,13; 8,14; 9,11